RSID	Chr	Postion	SNP 1	SNP 2	FST	In	Fre_North-Han	Fre_South-Han	Samplesize_North-Han	Samplesize_South-Han
rs174583	11	61609750	C	T	0.1674 	0.0467 	0.300705	0.489131	502	434
rs11745587	5	131796922	G	A	0.1047 	0.0282 	0.210184	0.392042	500	434
rs7515005	1	212383988	G	A	0.1001 	0.0281 	0.129918	0.156938	502	430
rs7740161	6	134423175	A	T	0.0918 	0.0260 	0.174922	0.311157	500	434
rs10775022	13	99683635	T	C	0.0916 	0.0246 	0.212749	0.460991	504	434
rs12567990	1	207681685	C	T	0.0885 	0.0237 	0.17326	0.316658	504	434
rs1431403	6	33047031	T	C	0.0855 	0.0233 	0.207245	0.469413	504	434
rs2517646	6	30122575	C	T	0.0849 	0.0240 	0.166795	0.306184	504	434
rs8005568	14	105971794	T	C	0.0845 	0.0227 	0.211661	0.495599	504	434
rs6117562	20	753310	G	A	0.0782 	0.0210 	0.202711	0.491505	504	432
rs4941430	13	43086351	A	G	0.0718 	0.0191 	0.16097	0.337951	504	434
rs1981500	9	118352164	A	G	0.0715 	0.0202 	0.146249	0.280141	504	434
rs203757	2	200888800	G	C	0.0707 	0.0188 	0.18414	0.449534	504	434
rs2523545	6	31333499	G	A	0.0696 	0.0203 	0.121488	0.198645	500	430
rs7206773	16	9222411	A	G	0.0676 	0.0183 	0.186252	0.48076	504	434
rs7112278	11	18281916	C	T	0.0664 	0.0177 	0.163723	0.378185	502	434
rs5758649	22	42605548	C	T	0.0660 	0.0176 	0.168907	0.405401	504	434
rs304141	5	88188058	A	G	0.0640 	0.0170 	0.170123	0.423875	504	434
rs6749716	2	47089862	A	G	0.0634 	0.0175 	0.091397	0.123458	504	434
rs4834226	4	128986874	C	T	0.0628 	0.0168 	0.18286	0.498798	504	434
rs17547986	7	50778131	G	C	0.0622 	0.0186 	0.101381	0.154857	502	432
rs2118019	16	58831729	G	A	0.0616 	0.0168 	0.167959	0.428983	504	430
rs12654905	5	79020426	A	G	0.0615 	0.0166 	0.179467	0.490978	504	434
rs11119385	1	206899052	A	G	0.0614 	0.0164 	0.172555	0.454808	504	434
rs7226855	18	46454048	A	G	0.0613 	0.0163 	0.161034	0.39687	504	434
rs10858883	12	89893348	T	C	0.0609 	0.0162 	0.174934	0.471364	504	432
rs10749537	10	88111203	C	T	0.0608 	0.0166 	0.161346	0.401235	502	434
rs7753085	6	23067673	A	G	0.0607 	0.0175 	0.114759	0.203253	500	432
rs1550950	8	334709	G	A	0.0606 	0.0168 	0.147785	0.337951	504	434
rs17049978	4	120112049	A	G	0.0600 	0.0169 	0.127355	0.253348	500	434
rs13278460	8	72774349	G	A	0.0600 	0.0160 	0.134365	0.282031	502	434
rs11466640	4	38778903	G	A	0.0599 	0.0162 	0.175371	0.481176	504	434
rs11563217	2	234858801	G	A	0.0599 	0.0159 	0.135433	0.287153	504	434
rs11620937	14	101151012	C	G	0.0595 	0.0158 	0.150985	0.359064	504	434
rs1468722	5	148295679	C	A	0.0594 	0.0163 	0.158069	0.394475	504	432
rs7316055	12	5402649	A	G	0.0593 	0.0158 	0.162891	0.419658	504	434
rs16977644	15	58004888	T	C	0.0590 	0.0159 	0.176971	0.497372	504	434
rs17835647	14	69274654	T	A	0.0586 	0.0161 	0.153226	0.375533	504	434
rs4912933	5	143038150	G	C	0.0571 	0.0155 	0.168971	0.468349	504	434
rs11066280	12	112817783	T	A	0.0563 	0.0150 	0.145622	0.35262	502	430
rs11639903	16	22257277	G	A	0.0554 	0.0155 	0.126088	0.268684	504	434
rs12021711	1	172861182	G	C	0.0550 	0.0148 	0.0985511	0.165448	504	430
rs5995990	22	41462730	C	T	0.0546 	0.0145 	0.136744	0.321024	502	434
rs2508836	11	68091265	C	T	0.0541 	0.0145 	0.105592	0.192887	504	430
rs1453143	2	130255181	A	G	0.0540 	0.0147 	0.158154	0.433531	504	434
rs10948402	6	48156101	C	A	0.0538 	0.0143 	0.117448	0.240308	504	434
rs997427	5	5167587	A	G	0.0537 	0.0146 	0.156415	0.426855	504	432
rs10929660	2	5702577	C	T	0.0537 	0.0143 	0.161815	0.456785	500	432
rs2075539	1	11897758	G	A	0.0535 	0.0144 	0.100487	0.176922	504	434
rs13390103	2	143273366	C	T	0.0535 	0.0144 	0.100487	0.176922	504	434
rs9579054	13	27534715	G	A	0.0531 	0.0141 	0.141769	0.3545	504	434
rs1558205	6	28382262	C	A	0.0530 	0.0145 	0.152778	0.412302	504	432
rs16934406	11	17597266	A	G	0.0529 	0.0141 	0.13955	0.344489	504	432
rs4354269	8	128630521	T	C	0.0529 	0.0144 	0.158218	0.443254	504	434
rs6006152	22	29839847	G	T	0.0527 	0.0140 	0.12004	0.255897	504	432
rs715778	17	71603446	A	G	0.0526 	0.0161 	0.080997	0.116719	502	430
rs4611596	2	142291181	T	C	0.0526 	0.0146 	0.131395	0.307189	504	430
rs16970440	18	36074828	G	A	0.0525 	0.0140 	0.154653	0.426855	502	434
rs1777256	1	210957691	A	G	0.0524 	0.0143 	0.152777	0.417074	504	434
rs11079162	17	53415850	A	G	0.0524 	0.0141 	0.167253	0.499963	500	434
rs127382	1	88788948	T	C	0.0523 	0.0145 	0.130504	0.304854	504	434
rs1709621	3	183976906	G	A	0.0520 	0.0139 	0.115144	0.238769	504	434
rs7899772	10	13914443	C	A	0.0517 	0.0139 	0.166218	0.499889	504	434
rs10062486	5	159862376	C	T	0.0517 	0.0137 	0.133	0.320511	504	434
rs13103109	4	4346373	C	T	0.0514 	0.0138 	0.165643	0.499773	504	434
rs10900048	10	44987921	T	C	0.0514 	0.0141 	0.145353	0.384923	504	434
rs11841652	13	94969796	T	C	0.0513 	0.0137 	0.119688	0.261376	504	434
rs4146724	8	123435146	G	A	0.0508 	0.0139 	0.147241	0.399425	500	432
rs1501586	9	2941418	A	G	0.0507 	0.0136 	0.164106	0.497525	504	434
rs1539348	6	73710903	A	G	0.0506 	0.0137 	0.156746	0.453969	504	432
rs7243816	18	852562	G	A	0.0502 	0.0135 	0.160522	0.48076	504	434
rs7740793	6	25950382	G	T	0.0501 	0.0135 	0.159391	0.47435	504	432
rs9869826	3	50998816	T	C	0.0498 	0.0133 	0.137801	0.356791	504	434
rs13112070	4	167081486	T	C	0.0497 	0.0136 	0.146153	0.402182	502	434
rs1566734	11	48145375	A	C	0.0496 	0.0132 	0.138441	0.361319	504	434
rs9964230	18	6449309	G	A	0.0495 	0.0133 	0.162704	0.499853	500	432
rs2366645	7	157458015	T	C	0.0490 	0.0130 	0.127432	0.310146	504	434
rs4428236	4	178655568	C	T	0.0489 	0.0131 	0.0972224	0.180684	504	432
rs2391785	13	110367750	G	A	0.0489 	0.0136 	0.126216	0.304854	504	434
rs10178240	2	1985248	G	A	0.0488 	0.0138 	0.107463	0.221541	504	434
rs16966855	17	30064220	A	G	0.0481 	0.0128 	0.110855	0.23877	504	434
rs4768351	12	41753811	C	G	0.0481 	0.0128 	0.110196	0.236102	502	434
rs2052363	18	28158452	C	A	0.0480 	0.0135 	0.110539	0.23808	502	432
rs17764680	14	80244114	T	C	0.0477 	0.0134 	0.113156	0.250776	502	430
rs11130856	3	61814273	G	T	0.0475 	0.0127 	0.159114	0.498691	504	434
rs9941123	16	48255539	C	T	0.0474 	0.0162 	0.046083	0.0419095	500	434
rs2051075	9	126155803	G	T	0.0472 	0.0128 	0.148503	0.436333	502	434
rs2270461	16	89972345	T	C	0.0471 	0.0126 	0.137322	0.37393	502	434
rs11805598	1	162140336	A	G	0.0471 	0.0129 	0.136713	0.371241	504	434
rs761798	6	40087514	T	C	0.0468 	0.0126 	0.15809	0.499343	504	434
rs639617	5	3205290	C	T	0.0467 	0.0124 	0.124007	0.308012	504	432
rs10504726	8	81844619	G	A	0.0467 	0.0124 	0.141692	0.402182	502	434
rs17579988	4	38138661	C	T	0.0464 	0.0132 	0.101135	0.205784	502	434
rs12660882	6	120775626	G	A	0.0462 	0.0123 	0.14231	0.409209	502	432
rs11102233	1	111827749	G	T	0.0461 	0.0123 	0.151049	0.462757	504	434
rs9472201	6	44020410	A	G	0.0461 	0.0128 	0.117349	0.279209	500	430
rs12059162	1	205317503	C	T	0.0460 	0.0123 	0.115502	0.271066	500	434
rs1522221	4	107427351	T	C	0.0459 	0.0124 	0.152777	0.474832	504	432
rs17168987	7	136911966	G	A	0.0459 	0.0123 	0.148439	0.448636	502	434
rs13395944	2	106288653	T	C	0.0458 	0.0131 	0.095815	0.187124	504	434
rs13062346	3	17194071	G	A	0.0458 	0.0131 	0.0958146	0.187124	504	434
rs12574415	11	129651894	T	C	0.0457 	0.0122 	0.127096	0.329861	502	434
rs2879130	1	151830098	C	T	0.0457 	0.0123 	0.152906	0.478169	504	434
rs13199524	6	32066765	C	T	0.0456 	0.0137 	0.076561	0.119987	502	434
rs2042020	2	40789577	C	T	0.0456 	0.0122 	0.154762	0.490355	504	432
rs11896740	2	45864672	C	A	0.0456 	0.0126 	0.120583	0.298137	504	434
rs207340	4	19044103	G	A	0.0455 	0.0122 	0.153481	0.483188	504	434
rs1708698	18	34026627	T	G	0.0455 	0.0130 	0.0988222	0.200472	504	434
rs11128125	3	69389614	T	A	0.0454 	0.0121 	0.123784	0.315365	504	434
rs16928163	12	25047720	A	G	0.0449 	0.0120 	0.128969	0.345679	504	432
rs1842474	4	71229896	G	T	0.0447 	0.0122 	0.140973	0.414602	502	432
rs4749009	10	25401705	G	A	0.0447 	0.0120 	0.154634	0.499489	504	434
rs4964452	12	106607174	C	G	0.0446 	0.0120 	0.15365	0.494037	500	434
rs2241583	5	132561277	G	A	0.0446 	0.0119 	0.127674	0.34142	502	432
rs10191601	2	204455370	C	T	0.0444 	0.0118 	0.126344	0.335514	504	434
rs9866214	3	172389873	G	C	0.0443 	0.0118 	0.110792	0.258421	504	434
rs6680807	1	200471464	C	A	0.0443 	0.0118 	0.147146	0.456081	504	434
rs16862627	3	150114701	G	A	0.0443 	0.0120 	0.151305	0.482397	504	434
rs17008485	3	21390195	G	A	0.0442 	0.0118 	0.14603	0.450245	502	430
rs13065964	3	45900369	G	A	0.0441 	0.0120 	0.146762	0.455447	504	434
rs7766971	6	63640369	C	T	0.0441 	0.0118 	0.120839	0.30883	504	434
rs7643249	3	169813340	C	T	0.0440 	0.0119 	0.147465	0.460991	504	434
rs2417046	9	129754730	A	G	0.0437 	0.0120 	0.127368	0.346336	504	434
rs452748	13	109481163	C	T	0.0437 	0.0120 	0.127368	0.346336	504	434
rs11211006	1	44937974	C	T	0.0435 	0.0117 	0.152649	0.499418	504	434
rs1362243	2	230124956	G	T	0.0434 	0.0118 	0.140617	0.424705	504	434
rs4675874	2	241819796	G	A	0.0434 	0.0118 	0.138569	0.412676	504	434
rs6554662	5	11984496	T	G	0.0434 	0.0117 	0.152457	0.499673	504	434
rs12206094	6	108906200	C	T	0.0434 	0.0116 	0.116935	0.294052	504	434
rs860236	22	49732073	A	G	0.0434 	0.0141 	0.058564	0.0738125	504	434
rs34067420	7	11808215	T	C	0.0434 	0.0116 	0.131144	0.370157	504	434
rs4072828	16	81888237	G	C	0.0433 	0.0127 	0.080688	0.140201	504	432
rs6765153	3	33461796	A	C	0.0432 	0.0117 	0.149321	0.481995	504	434
rs9909593	17	37970149	A	G	0.0431 	0.0117 	0.141321	0.431967	504	434
rs7676014	4	6312079	C	G	0.0431 	0.0118 	0.073382	0.116484	500	434
rs17638935	2	206403039	G	A	0.0431 	0.0115 	0.099418	0.213921	502	434
rs2297514	17	26093315	T	C	0.0430 	0.0116 	0.151562	0.497815	504	434
rs210798	6	135514558	T	G	0.0428 	0.0115 	0.150204	0.491711	500	432
rs4744027	9	92800165	G	C	0.0428 	0.0114 	0.118215	0.304854	504	434
rs2636864	9	117032448	T	C	0.0427 	0.0114 	0.131945	0.380285	504	432
rs12503755	4	150628318	A	T	0.0426 	0.0127 	0.072959	0.116484	500	434
rs4567344	1	235270774	C	T	0.0425 	0.0114 	0.150601	0.497954	504	434
rs4789363	17	74888679	A	G	0.0423 	0.0113 	0.145418	0.46561	504	434
rs7909976	10	19896830	C	A	0.0423 	0.0113 	0.116402	0.298631	504	432
rs872772	16	6948175	C	T	0.0422 	0.0115 	0.145373	0.466433	500	434
rs1339248	9	78625640	T	C	0.0422 	0.0113 	0.089925	0.178634	504	434
rs173839	16	83782302	C	A	0.0422 	0.0114 	0.150409	0.499991	504	434
rs703989	10	80931240	T	A	0.0420 	0.0114 	0.139337	0.431178	504	434
rs7816615	8	106586094	T	C	0.0420 	0.0113 	0.148809	0.492087	504	434
rs4896698	6	144426111	G	A	0.0419 	0.0112 	0.12916	0.371241	504	434
rs13226663	7	8825260	C	T	0.0419 	0.0112 	0.114631	0.292681	504	434
rs883201	1	86564339	A	C	0.0418 	0.0118 	0.101659	0.230273	500	434
rs16917171	9	101327048	T	C	0.0417 	0.0112 	0.097414	0.211913	504	434
rs3817095	12	123247506	T	C	0.0417 	0.0114 	0.140041	0.438114	504	434
rs2117728	2	79234011	G	A	0.0417 	0.0112 	0.148682	0.494542	504	434
rs7747231	6	62790189	C	T	0.0417 	0.0112 	0.147722	0.488166	502	434
rs2541074	7	37166887	G	T	0.0417 	0.0111 	0.121095	0.328095	504	434
rs1569723	20	44742064	C	A	0.0416 	0.0112 	0.144616	0.468077	502	432
rs7917983	10	114732882	T	C	0.0416 	0.0111 	0.129444	0.375	500	432
rs7930853	11	83808238	A	G	0.0416 	0.0117 	0.104902	0.246418	504	434
rs3862236	1	56183394	G	T	0.0414 	0.0116 	0.108796	0.266235	504	432
rs2011071	5	88741077	A	G	0.0414 	0.0112 	0.145859	0.479397	502	434
rs170813	2	38416089	T	C	0.0413 	0.0114 	0.126162	0.358994	502	432
rs215088	16	16065401	A	G	0.0413 	0.0112 	0.146378	0.483961	504	434
rs12034159	1	221949537	A	G	0.0411 	0.0111 	0.148516	0.499551	500	434
rs1387907	6	124234359	G	A	0.0411 	0.0111 	0.147977	0.496363	504	434
rs1496276	4	121623516	C	T	0.0411 	0.0112 	0.1346	0.410884	504	434
rs6596857	6	1848388	A	G	0.0411 	0.0110 	0.123335	0.345152	504	434
rs7652387	3	150707822	C	A	0.0411 	0.0115 	0.103239	0.241843	504	434
rs1265336	6	4790727	G	C	0.0411 	0.0114 	0.115655	0.303519	504	434
rs10788613	10	90546055	C	T	0.0409 	0.0110 	0.147978	0.498343	504	434
rs11116942	12	86032523	C	T	0.0409 	0.0113 	0.062717	0.0895971	502	434
rs385894	17	591078	G	A	0.0409 	0.0110 	0.148105	0.499998	504	434
rs12610125	19	49501182	C	A	0.0408 	0.0115 	0.10023	0.22944	504	434
rs9353860	6	92321343	G	C	0.0407 	0.0118 	0.0801966	0.147128	504	434
rs3771408	2	70981146	A	G	0.0406 	0.0110 	0.0782154	0.140477	502	432
rs1342476	1	35052181	T	C	0.0405 	0.0118 	0.0785328	0.141734	504	434
rs1606830	3	108871461	T	C	0.0405 	0.0109 	0.0838402	0.161624	502	434
rs1715919	15	56756285	T	G	0.0405 	0.0110 	0.068676	0.10851	504	434
rs1938928	11	86344677	T	C	0.0405 	0.0109 	0.143369	0.472993	504	434
rs6943934	7	1189178	T	C	0.0405 	0.0111 	0.124104	0.354499	504	434
rs3181225	5	158740623	G	A	0.0405 	0.0112 	0.115335	0.306183	504	434
rs491566	18	37249145	A	T	0.0404 	0.0108 	0.118632	0.324088	504	430
rs882383	12	54601031	G	A	0.0404 	0.0109 	0.146186	0.492872	504	434
rs4937919	11	134465220	T	C	0.0403 	0.0108 	0.132617	0.406327	504	434
rs6791253	3	24950567	T	C	0.0403 	0.0108 	0.146933	0.498895	502	434
rs2972336	5	76504150	G	C	0.0403 	0.0108 	0.145481	0.489178	504	434
rs4943752	13	40858256	A	C	0.0403 	0.0108 	0.131656	0.400707	504	434
rs17575611	8	20480952	T	C	0.0403 	0.0113 	0.102918	0.244898	504	434
rs7266327	20	57158616	G	A	0.0402 	0.0111 	0.125128	0.362439	504	434
rs12776743	10	64719340	C	T	0.0401 	0.0111 	0.117703	0.321786	504	434
rs17129200	14	94294738	G	C	0.0400 	0.0109 	0.133268	0.413194	504	432
rs7118571	11	12437676	G	T	0.0399 	0.0107 	0.131283	0.402182	504	432
rs3180467	16	57698931	A	G	0.0398 	0.0107 	0.141613	0.46915	500	434
rs7111825	11	113696653	C	T	0.0397 	0.0107 	0.140809	0.464482	504	434
rs2216350	19	29348014	A	G	0.0397 	0.0108 	0.135369	0.429587	504	434
rs10882026	10	82517845	C	T	0.0397 	0.0110 	0.118728	0.330586	504	434
rs8186206	11	48744425	C	A	0.0397 	0.0106 	0.138352	0.448882	500	432
rs26956	5	59790985	C	A	0.0397 	0.0107 	0.143882	0.485813	504	434
rs1355060	8	118717711	T	C	0.0396 	0.0108 	0.071941	0.121606	504	434
rs2654209	15	82409727	A	G	0.0395 	0.0107 	0.081413	0.156027	504	434
rs7817161	8	135969813	C	T	0.0395 	0.0106 	0.145545	0.499489	504	434
rs9852677	3	50291617	G	A	0.0394 	0.0107 	0.141641	0.473486	504	434
rs4950826	1	202077927	C	A	0.0394 	0.0107 	0.142187	0.477626	502	434
rs7615368	3	190240590	A	T	0.0393 	0.0106 	0.087465	0.181027	500	434
rs2781789	1	34050844	C	G	0.0393 	0.0105 	0.121667	0.350281	500	432
rs9317560	13	66659321	C	T	0.0393 	0.0107 	0.138504	0.454165	504	434
rs2961258	7	15183698	T	C	0.0393 	0.0107 	0.134025	0.42553	504	434
rs10043595	5	166341845	T	A	0.0392 	0.0106 	0.142857	0.483892	504	432
rs4943408	13	37290653	C	T	0.0392 	0.0111 	0.0952384	0.215141	504	434
rs3770234	2	220391740	C	T	0.0392 	0.0107 	0.134944	0.431883	500	432
rs11232660	11	81120893	A	G	0.0392 	0.0109 	0.113351	0.304854	504	434
rs893111	7	154892991	A	C	0.0391 	0.0105 	0.141985	0.479397	502	434
rs8064995	17	64281486	C	T	0.0390 	0.0108 	0.120776	0.347516	504	434
rs17741963	17	41758051	T	A	0.0390 	0.0107 	0.123144	0.361319	504	434
rs8182508	19	47299819	A	G	0.0390 	0.0105 	0.144842	0.499918	504	434
rs2283846	22	28165334	A	G	0.0390 	0.0105 	0.138228	0.455893	504	432
rs11102057	1	110665192	C	T	0.0389 	0.0106 	0.131392	0.413195	502	434
rs6139649	20	5192588	C	T	0.0388 	0.0104 	0.143307	0.492053	502	434
rs12333226	6	29009943	A	T	0.0388 	0.0121 	0.058479	0.0819851	500	434
rs6002288	22	22785308	C	A	0.0386 	0.0113 	0.07787	0.145903	504	430
rs7136860	12	40202220	G	C	0.0386 	0.0103 	0.123185	0.3652	502	434
rs7081852	10	72333944	A	G	0.0386 	0.0105 	0.142495	0.489085	502	432
rs17138777	10	16574358	A	C	0.0386 	0.0104 	0.088902	0.190488	504	434
rs11132917	4	172764187	T	G	0.0385 	0.0104 	0.142793	0.492087	504	434
rs7074816	10	77117605	G	A	0.0385 	0.0104 	0.079183	0.151289	502	432
rs12361851	11	14267668	G	A	0.0385 	0.0107 	0.110343	0.294053	504	434
rs11950935	5	27771543	T	C	0.0384 	0.0114 	0.044611	0.0481381	500	432
rs958857	6	168075514	C	G	0.0384 	0.0104 	0.142196	0.489752	504	432
rs716217	1	119538705	G	A	0.0384 	0.0103 	0.126306	0.386476	502	434
rs7096193	10	116262791	A	G	0.0383 	0.0104 	0.140811	0.481015	500	434
rs41191	16	49278520	G	A	0.0383 	0.0103 	0.142058	0.489752	502	434
rs2443447	11	57836249	G	A	0.0382 	0.0104 	0.131391	0.419829	502	432
rs6844059	4	178055555	G	C	0.0382 	0.0103 	0.137545	0.460393	504	434
rs730860	6	24632427	T	A	0.0381 	0.0104 	0.137566	0.46142	504	432
rs1920990	12	81266363	C	A	0.0381 	0.0104 	0.1276	0.397399	502	434
rs821598	1	232103347	C	T	0.0381 	0.0105 	0.112712	0.310146	504	434
rs12206482	6	104196407	T	G	0.0380 	0.0102 	0.120008	0.35219	504	434
rs9548836	13	40165698	G	A	0.0379 	0.0101 	0.120968	0.359063	504	434
rs2997477	1	224984367	G	C	0.0379 	0.0102 	0.130664	0.418969	500	434
rs12972735	19	34053871	C	T	0.0379 	0.0102 	0.139681	0.478961	502	434
rs10732518	11	2053932	T	C	0.0378 	0.0103 	0.140809	0.48687	504	434
rs4780313	16	10696794	A	G	0.0378 	0.0103 	0.140809	0.48687	504	434
rs7250088	19	3705677	C	G	0.0378 	0.0103 	0.140809	0.48687	504	434
rs1496547	7	146923861	C	T	0.0378 	0.0101 	0.112583	0.311457	504	434
rs6499939	16	51970565	C	T	0.0378 	0.0101 	0.112583	0.311457	504	434
rs10817960	9	119688061	G	A	0.0378 	0.0114 	0.063567	0.0994203	500	434
rs11214533	11	113048466	T	C	0.0377 	0.0101 	0.129608	0.413564	504	434
rs4761998	12	51682159	G	A	0.0377 	0.0102 	0.079109	0.154257	504	434
rs9858688	3	149061260	A	C	0.0377 	0.0102 	0.142279	0.49934	502	434
rs17594094	5	34795433	A	G	0.0377 	0.0129 	0.036866	0.0335329	504	434
rs1447301	8	94323772	T	G	0.0377 	0.0104 	0.117447	0.340369	504	434
rs11609452	12	19889046	G	A	0.0376 	0.0101 	0.107079	0.28296	504	434
rs969702	13	28245365	G	A	0.0376 	0.0103 	0.132424	0.433531	504	434
rs10425081	19	31734701	T	G	0.0375 	0.0103 	0.122753	0.372854	502	434
rs3757001	6	127774309	A	G	0.0375 	0.0102 	0.137992	0.471486	504	434
rs7665697	4	7137993	C	T	0.0375 	0.0103 	0.129463	0.415121	500	432
rs6485671	11	46279815	G	A	0.0375 	0.0105 	0.097051	0.233409	500	434
rs11087565	20	3084593	T	C	0.0374 	0.0102 	0.063748	0.100928	504	434
rs3818239	14	64914537	T	C	0.0374 	0.0100 	0.119944	0.357322	502	434
rs1047481	5	52249476	G	A	0.0374 	0.0101 	0.139081	0.48076	504	434
rs11862196	16	76264399	A	T	0.0374 	0.0101 	0.138697	0.478169	504	434
rs2025807	1	183943516	C	T	0.0374 	0.0101 	0.141041	0.494495	500	434
rs2269911	16	3065924	G	A	0.0374 	0.0100 	0.13684	0.46561	504	434
rs12479086	2	101523552	C	T	0.0374 	0.0100 	0.09799	0.238769	504	434
rs1374504	9	87994227	A	G	0.0373 	0.0100 	0.114183	0.324324	504	434
rs7326162	13	62356835	C	G	0.0373 	0.0100 	0.086278	0.185435	504	434
rs11978732	7	80813081	A	G	0.0373 	0.0100 	0.137389	0.470077	500	432
rs490214	21	40919144	T	C	0.0373 	0.0104 	0.102983	0.264312	504	434
rs6789402	3	126786864	G	A	0.0373 	0.0106 	0.0894839	0.199563	500	434
rs17013513	1	209003138	G	A	0.0373 	0.0103 	0.117654	0.345018	504	430
rs983778	8	3051168	G	C	0.0372 	0.0100 	0.09813	0.240058	500	432
rs2144937	20	6102996	G	C	0.0372 	0.0100 	0.141321	0.498218	504	434
rs12148915	15	41011738	G	A	0.0372 	0.0101 	0.0729006	0.132653	504	434
rs7515808	1	56972400	T	C	0.0372 	0.0100 	0.114823	0.329342	504	434
rs7480643	11	9431886	G	A	0.0371 	0.0102 	0.115926	0.33656	500	434
rs2179498	1	168486158	G	C	0.0371 	0.0100 	0.137737	0.475414	504	434
rs836682	2	168659727	A	G	0.0369 	0.0099 	0.131705	0.43606	500	434
rs872137	8	8119987	G	C	0.0369 	0.0100 	0.140873	0.499964	504	434
rs10511677	9	20240597	T	G	0.0368 	0.0101 	0.121543	0.37232	504	434
rs13391772	2	15722503	A	G	0.0368 	0.0101 	0.120581	0.366841	500	434
rs1464172	3	124873295	A	G	0.0368 	0.0099 	0.101373	0.259327	500	434
rs6795777	3	68790218	G	T	0.0367 	0.0101 	0.122568	0.379751	504	434
rs4938446	11	117745049	T	A	0.0367 	0.0098 	0.098951	0.247935	504	434
rs6567305	18	60678066	G	C	0.0366 	0.0101 	0.123591	0.386959	504	434
rs330787	2	48041377	A	G	0.0366 	0.0099 	0.138889	0.488862	504	434
rs8127081	21	16496369	C	G	0.0366 	0.0100 	0.130065	0.428983	500	434
rs17166906	7	13266712	A	T	0.0366 	0.0100 	0.127688	0.413564	504	434
rs7590107	2	202471911	G	C	0.0366 	0.0100 	0.125296	0.398365	502	434
rs2304401	2	11761309	T	C	0.0365 	0.0098 	0.118664	0.357929	504	434
rs2924584	4	99988208	A	G	0.0365 	0.0102 	0.10454	0.277777	502	434
rs11571353	17	6914340	C	T	0.0365 	0.0103 	0.095622	0.232568	504	434
rs390856	5	87547559	T	C	0.0365 	0.0098 	0.104135	0.275878	504	434
rs12454998	18	8226107	G	A	0.0365 	0.0098 	0.076485	0.148918	504	434
rs17732457	5	56301089	T	C	0.0364 	0.0100 	0.064278	0.105362	500	432
rs6125881	20	48673735	C	G	0.0364 	0.0099 	0.064068	0.104728	504	434
rs10485842	7	147788950	G	T	0.0364 	0.0098 	0.139721	0.498088	504	434
rs3845612	1	13916002	G	A	0.0364 	0.0112 	0.039483	0.0397745	502	434
rs10195038	2	228125379	G	A	0.0364 	0.0105 	0.077381	0.152778	504	432
rs17016175	4	143391299	A	G	0.0363 	0.0098 	0.137033	0.479485	504	434
rs7575625	2	25548902	A	G	0.0363 	0.0100 	0.122248	0.381833	504	434
rs2022584	14	37473354	G	A	0.0363 	0.0098 	0.138825	0.492615	504	434
rs10521242	16	51357210	A	G	0.0363 	0.0097 	0.110599	0.312764	504	434
rs17655303	4	48199097	T	C	0.0363 	0.0097 	0.122824	0.385943	504	434
rs3798846	6	55621377	C	T	0.0362 	0.0097 	0.109062	0.305023	502	430
rs2373262	14	87210330	T	C	0.0361 	0.0099 	0.119879	0.369068	504	434
rs11757875	6	67558004	C	T	0.0361 	0.0097 	0.087238	0.1955	504	434
rs6711959	2	98339236	T	A	0.0361 	0.0100 	0.112108	0.322815	504	430
rs4734021	8	102068160	G	T	0.0361 	0.0098 	0.138728	0.494495	500	434
rs1548418	7	22725414	C	A	0.0361 	0.0098 	0.135467	0.471873	502	434
rs4476391	2	30768438	C	G	0.0359 	0.0100 	0.055556	0.0796986	504	434
rs863582	3	195478694	G	A	0.0359 	0.0099 	0.121928	0.383897	504	434
rs13063821	3	76490030	A	C	0.0359 	0.0097 	0.13786	0.490822	500	430
rs9628576	22	49215890	T	C	0.0359 	0.0104 	0.076525	0.151289	500	434
rs13329973	16	53660866	G	A	0.0358 	0.0097 	0.136457	0.481995	504	434
rs9905258	17	5907261	A	G	0.0358 	0.0097 	0.138949	0.499853	500	434
rs2815173	9	17181174	G	T	0.0358 	0.0099 	0.113799	0.335514	504	434
rs11229555	11	58408687	G	T	0.0358 	0.0099 	0.113799	0.335514	504	434
rs12064032	1	104902248	G	T	0.0358 	0.0096 	0.095686	0.237226	504	434
rs11719645	3	11069731	G	A	0.0358 	0.0096 	0.095686	0.237226	504	434
rs1571733	21	42518034	G	A	0.0358 	0.0096 	0.120449	0.376066	502	434
rs6770883	3	14769340	C	T	0.0357 	0.0096 	0.12948	0.435077	504	434
rs10503153	8	873110	C	T	0.0357 	0.0096 	0.10055	0.262846	504	434
rs4764965	12	103934111	T	C	0.0357 	0.0096 	0.136329	0.483188	504	434
rs2117105	9	8965780	C	G	0.0356 	0.0096 	0.110655	0.318458	502	434
rs443523	1	25403783	G	T	0.0355 	0.0095 	0.114119	0.34037	504	434
rs871285	3	86468476	A	C	0.0354 	0.0098 	0.111111	0.323057	504	434
rs11863694	16	12653862	A	G	0.0354 	0.0098 	0.111111	0.323057	504	434
rs1169	3	121382204	C	T	0.0354 	0.0096 	0.138185	0.499918	504	434
rs2538629	1	83840075	G	T	0.0354 	0.0095 	0.134791	0.475942	500	430
rs6832545	4	189643752	T	C	0.0353 	0.0095 	0.077125	0.156027	504	434
rs3133967	8	110751358	T	C	0.0353 	0.0096 	0.137737	0.497954	504	434
rs10910470	1	234726101	C	T	0.0353 	0.0097 	0.119239	0.373396	504	434
rs6544646	2	43576997	G	A	0.0353 	0.0105 	0.065924	0.11415	504	434
rs7617314	3	13848486	G	A	0.0352 	0.0095 	0.136841	0.492871	504	434
rs912617	14	61933536	G	T	0.0351 	0.0095 	0.134729	0.479051	504	434
rs655316	11	102832364	T	C	0.0351 	0.0095 	0.137545	0.499991	504	434
rs16879995	6	91211585	A	G	0.0350 	0.0098 	0.052876	0.073964	502	434
rs3796977	4	104544505	A	C	0.0350 	0.0094 	0.101831	0.274448	504	434
rs11855539	15	80614967	G	A	0.0350 	0.0095 	0.068937	0.125804	504	430
rs849469	1	58894050	T	C	0.0350 	0.0094 	0.12116	0.388978	504	434
rs4976578	5	167605733	T	C	0.0350 	0.0100 	0.0832693	0.183742	504	434
rs2946643	15	65370835	C	T	0.0350 	0.0140 	0.0396825	0.0417346	504	434
rs17153038	7	79526700	G	A	0.0350 	0.0094 	0.089767	0.213483	500	430
rs25447	4	66099506	T	C	0.0350 	0.0095 	0.137289	0.499616	504	434
rs4244533	11	28008972	G	A	0.0349 	0.0095 	0.13465	0.480678	502	434
rs17815383	12	99148442	A	C	0.0349 	0.0098 	0.097997	0.25485	502	432
rs12507341	4	177227998	C	T	0.0348 	0.0094 	0.120069	0.383436	502	430
rs12219291	10	8970313	T	C	0.0348 	0.0094 	0.136973	0.49934	502	434
rs17053198	8	25058838	C	G	0.0348 	0.0094 	0.133769	0.47635	504	434
rs325641	11	6199902	A	T	0.0348 	0.0096 	0.115079	0.352719	504	432
rs2560308	5	121480516	C	T	0.0347 	0.0093 	0.129299	0.44586	504	432
rs4841653	8	11815412	G	C	0.0347 	0.0094 	0.136574	0.497662	504	432
rs17284939	6	36289814	C	T	0.0347 	0.0094 	0.081029	0.175206	504	434
rs2383905	8	74358571	G	T	0.0347 	0.0093 	0.128456	0.440344	504	434
rs4425101	2	70346527	C	T	0.0347 	0.0093 	0.110826	0.327877	502	432
rs231252	4	113361487	A	G	0.0347 	0.0094 	0.13433	0.481917	502	434
rs17301432	13	97991179	C	T	0.0346 	0.0096 	0.111815	0.334289	504	434
rs11757604	6	114162157	A	G	0.0346 	0.0093 	0.109255	0.319232	504	434
rs2171079	8	25835942	C	T	0.0345 	0.0094 	0.064708	0.112275	504	434
rs12522762	5	129713559	G	A	0.0345 	0.0094 	0.124744	0.41794	504	434
rs12566259	1	105788609	G	A	0.0345 	0.0093 	0.103111	0.28576	504	434
rs11254798	10	6882660	C	T	0.0344 	0.0093 	0.118769	0.379237	502	434
rs10103579	8	77827848	G	A	0.0344 	0.0093 	0.133134	0.476613	500	434
rs41362244	4	11767168	T	A	0.0344 	0.0093 	0.119706	0.385455	502	434
rs11232056	11	69903067	G	A	0.0344 	0.0093 	0.136229	0.499854	502	434
rs184836	3	155432666	C	T	0.0344 	0.0094 	0.13204	0.469938	504	434
rs6781240	3	122783953	C	T	0.0343 	0.0097 	0.0889653	0.213528	504	434
rs4811694	20	55029388	A	G	0.0343 	0.0100 	0.0705968	0.134479	504	434
rs6062541	20	62449320	C	T	0.0343 	0.0096 	0.091355	0.225534	500	434
rs16842570	4	8554373	C	T	0.0342 	0.0093 	0.135945	0.499855	504	434
rs1594008	5	120788385	C	A	0.0342 	0.0092 	0.084074	0.191207	500	434
rs11649940	17	57491348	A	G	0.0342 	0.0092 	0.131849	0.470458	504	434
rs3776085	5	149572014	G	C	0.0342 	0.0093 	0.134577	0.490649	502	434
rs17635676	5	168293892	G	A	0.0342 	0.0094 	0.058733	0.0934596	502	434
rs12663163	6	158396409	G	A	0.0342 	0.0093 	0.127631	0.441308	500	434
rs8176548	2	188340335	C	T	0.0341 	0.0092 	0.087899	0.20944	500	434
rs1399860	8	52913652	C	T	0.0341 	0.0094 	0.11828	0.379751	504	434
rs11042796	11	10440668	A	G	0.0340 	0.0092 	0.082672	0.185785	504	432
rs17212219	14	26274674	A	T	0.0340 	0.0092 	0.135048	0.496363	504	434
rs9657109	8	76776893	G	T	0.0340 	0.0092 	0.071236	0.138116	504	434
rs12098223	1	159011694	G	A	0.0340 	0.0091 	0.119218	0.387009	502	432
rs7985521	13	74263054	C	T	0.0340 	0.0091 	0.117604	0.376601	502	432
rs2204088	2	159086035	G	A	0.0340 	0.0097 	0.083788	0.191206	500	434
rs12672450	7	6074199	C	G	0.0340 	0.0092 	0.134281	0.491262	504	434
rs12944684	17	47509486	G	C	0.0339 	0.0091 	0.113095	0.348691	504	434
rs6017452	20	43604003	C	T	0.0339 	0.0091 	0.122696	0.410884	504	434
rs1107336	5	7369309	C	G	0.0339 	0.0092 	0.134112	0.490901	502	432
rs1772782	1	94099526	A	G	0.0339 	0.0097 	0.045304	0.0560288	504	432
rs11125339	2	51429880	G	A	0.0339 	0.0091 	0.09107	0.226359	500	430
rs16929541	9	12790687	C	T	0.0338 	0.0093 	0.123855	0.419315	502	434
rs6987473	8	119909831	T	C	0.0338 	0.0091 	0.124056	0.421197	500	432
rs7147083	14	60841070	G	A	0.0338 	0.0092 	0.133576	0.488541	504	434
rs9499850	6	104816926	A	C	0.0338 	0.0100 	0.065604	0.117887	504	434
rs1160281	8	105932531	A	G	0.0338 	0.0091 	0.134279	0.493747	500	430
rs6917461	6	151155341	A	G	0.0338 	0.0092 	0.133961	0.491817	504	434
rs9590216	13	95905305	T	C	0.0338 	0.0091 	0.133928	0.491505	504	432
rs8007929	14	70200463	G	A	0.0337 	0.0091 	0.115335	0.364667	504	434
rs4438948	6	21121675	C	T	0.0337 	0.0092 	0.128196	0.45067	502	434
rs11775579	8	47115069	C	T	0.0337 	0.0091 	0.127432	0.445388	504	434
rs947552	6	113171058	A	G	0.0337 	0.0092 	0.125832	0.434306	504	434
rs3198	15	47686263	G	A	0.0337 	0.0091 	0.134729	0.498088	504	434
rs2618634	20	17767035	G	C	0.0337 	0.0091 	0.123347	0.417589	504	432
rs17042204	3	16430691	G	C	0.0337 	0.0091 	0.093322	0.239198	502	434
rs11135681	8	22703333	C	T	0.0336 	0.0092 	0.126397	0.439347	502	434
rs2780883	1	63410619	A	G	0.0336 	0.0096 	0.0842939	0.195501	504	434
rs4776164	15	53926368	C	G	0.0336 	0.0091 	0.134691	0.499083	500	434
rs6133458	20	7670194	A	C	0.0336 	0.0090 	0.11374	0.356094	502	430
rs12524967	6	49587227	T	C	0.0336 	0.0092 	0.129672	0.463337	504	434
rs2485367	6	159518664	T	C	0.0335 	0.0090 	0.11078	0.338475	504	432
rs219155	2	33216941	G	C	0.0335 	0.0092 	0.123543	0.421022	502	434
rs10504904	8	92402207	A	G	0.0335 	0.0091 	0.132169	0.481995	504	434
rs3757030	6	161677404	A	G	0.0335 	0.0091 	0.13459	0.499943	504	432
rs8085631	18	57654043	T	G	0.0334 	0.0090 	0.121032	0.404996	504	432
rs431850	5	99952213	C	T	0.0334 	0.0093 	0.106118	0.311457	504	434
rs3759643	14	25290607	G	T	0.0334 	0.0093 	0.098876	0.270598	502	434
rs12712884	2	23434100	C	G	0.0334 	0.0092 	0.0561956	0.0874815	504	434
rs8015538	14	51954936	T	C	0.0334 	0.0092 	0.121431	0.408686	502	434
rs4426628	3	194649221	G	A	0.0333 	0.0091 	0.13332	0.492871	504	434
rs1790323	11	71095391	G	A	0.0333 	0.0090 	0.121771	0.411405	502	434
rs9346233	6	69387022	A	G	0.0333 	0.0092 	0.119688	0.397836	504	434
rs11920100	3	175087940	G	C	0.0333 	0.0097 	0.042411	0.0499669	502	434
rs6999153	8	9193501	G	A	0.0333 	0.0091 	0.123801	0.425719	502	432
rs11636599	15	33619229	C	G	0.0332 	0.0089 	0.114592	0.3652	502	434
rs4981719	14	20539108	A	T	0.0332 	0.0089 	0.094982	0.250954	504	434
rs4694999	4	44186433	G	A	0.0332 	0.0090 	0.132233	0.48687	504	434
rs10899586	11	78784223	G	A	0.0332 	0.0090 	0.130184	0.471993	504	434
rs17579952	3	143267083	C	T	0.0332 	0.0093 	0.091334	0.232568	504	434
rs6907980	6	18401381	A	G	0.0331 	0.0091 	0.122175	0.416719	502	434
rs2055195	8	26641025	C	T	0.0331 	0.0094 	0.0834839	0.194563	500	434
rs10917532	1	20082849	A	G	0.0331 	0.0089 	0.127688	0.455447	504	434
rs296659	9	93711546	A	G	0.0331 	0.0089 	0.0751407	0.157794	504	434
rs17536192	14	33535924	G	A	0.0331 	0.0089 	0.107911	0.325585	504	434
rs8037583	15	45546378	T	C	0.0330 	0.0089 	0.075315	0.158713	500	432
rs10992984	9	96685120	A	G	0.0330 	0.0089 	0.078725	0.173486	504	434
rs17651026	15	28019317	C	G	0.0330 	0.0089 	0.078725	0.173486	504	434
rs7554607	1	237266603	A	G	0.0330 	0.0091 	0.121416	0.412675	504	434
rs12436827	14	60281387	C	G	0.0330 	0.0089 	0.122952	0.423875	504	434
rs224503	17	3548784	C	T	0.0329 	0.0091 	0.105799	0.314067	504	434
rs673819	18	22065905	T	C	0.0329 	0.0089 	0.13076	0.479915	504	434
rs10484648	6	54025155	T	C	0.0329 	0.0091 	0.117539	0.388025	500	434
rs4792606	17	15324668	C	A	0.0328 	0.0090 	0.124872	0.438862	504	434
rs11264123	1	35722618	C	T	0.0328 	0.0089 	0.068612	0.132654	504	434
rs7009665	8	4872161	C	T	0.0328 	0.0089 	0.132744	0.496543	504	434
rs9332401	7	2814734	A	G	0.0328 	0.0092 	0.097196	0.266236	502	434
rs12283892	11	99931288	T	A	0.0328 	0.0088 	0.099996	0.282031	502	434
rs4420778	21	29815205	C	A	0.0327 	0.0089 	0.065213	0.119987	502	434
rs4328157	10	97247447	G	A	0.0327 	0.0089 	0.131529	0.488166	502	434
rs4715655	6	57193366	C	T	0.0327 	0.0089 	0.132489	0.495797	504	434
rs10505545	8	130577267	C	T	0.0327 	0.0090 	0.114951	0.373396	504	434
rs7645267	3	73903631	T	C	0.0326 	0.0088 	0.110791	0.347516	504	434
rs10765518	11	91800709	C	G	0.0326 	0.0089 	0.12628	0.451546	504	434
rs10416258	19	54795939	T	C	0.0326 	0.0088 	0.079045	0.176922	504	434
rs3923852	13	21329785	G	A	0.0326 	0.0090 	0.116999	0.387971	504	434
rs11193235	10	84020486	T	C	0.0326 	0.0088 	0.132168	0.495397	504	434
rs193620	16	28571030	C	A	0.0326 	0.0088 	0.085594	0.207805	500	434
rs2027292	1	157168578	T	C	0.0326 	0.0089 	0.121442	0.41827	500	430
rs6136003	20	17154455	C	T	0.0326 	0.0088 	0.119112	0.402598	504	434
rs530599	1	27964775	G	A	0.0326 	0.0088 	0.121693	0.420171	504	432
rs10900933	6	2956743	A	G	0.0325 	0.0100 	0.0536354	0.0816508	504	434
rs16973033	15	81889290	A	C	0.0325 	0.0100 	0.053635	0.0816506	504	434
rs12123130	1	193808780	G	T	0.0325 	0.0088 	0.123212	0.430884	502	434
rs6859871	5	90272623	C	A	0.0325 	0.0089 	0.127976	0.464899	504	432
rs17118780	11	115689457	G	A	0.0325 	0.0091 	0.098876	0.277778	504	432
rs16826031	1	22231446	T	G	0.0325 	0.0088 	0.112391	0.359064	504	434
rs10458077	6	3715608	C	G	0.0325 	0.0092 	0.085317	0.207037	504	434
rs16975275	15	96046556	G	A	0.0325 	0.0087 	0.117511	0.392961	504	434
rs205409	16	28063948	G	A	0.0324 	0.0088 	0.1325	0.499853	500	432
rs10733833	10	68748471	G	C	0.0324 	0.0088 	0.13236	0.499343	504	434
rs6922824	6	26553815	C	G	0.0324 	0.0089 	0.123528	0.435077	504	434
rs10114438	9	16198488	A	G	0.0324 	0.0087 	0.10576	0.31897	500	434
rs17411983	3	101399126	G	A	0.0324 	0.0089 	0.12596	0.452864	504	434
rs9403127	6	140181109	T	C	0.0324 	0.0088 	0.130952	0.489489	504	434
rs2687735	3	193558082	G	A	0.0323 	0.0088 	0.072197	0.148918	504	434
rs2633306	10	75652447	A	C	0.0323 	0.0088 	0.130952	0.490098	504	434
rs17098037	14	99390904	T	C	0.0323 	0.0090 	0.097734	0.273014	504	434
rs16961195	17	65704937	A	G	0.0323 	0.0089 	0.119106	0.405523	500	434
rs7948971	11	116202083	A	G	0.0323 	0.0087 	0.109167	0.340895	502	434
rs11744800	5	156982059	A	C	0.0322 	0.0089 	0.114858	0.377663	504	430
rs10127604	1	209812279	T	C	0.0322 	0.0087 	0.108135	0.33481	504	432
rs718772	22	30504207	A	G	0.0322 	0.0091 	0.086661	0.21514	504	434
rs327442	14	81225436	G	T	0.0322 	0.0089 	0.111239	0.354499	504	434
rs16862387	1	19258723	A	G	0.0322 	0.0087 	0.131953	0.498787	502	432
rs4320321	6	75564396	C	G	0.0322 	0.0087 	0.123528	0.437362	504	434
rs7542523	1	230988724	G	A	0.0322 	0.0095 	0.06362	0.116021	504	434
rs7191801	16	26000673	T	C	0.0322 	0.0095 	0.06362	0.116021	504	434
rs9877709	3	61282140	C	A	0.0322 	0.0092 	0.0793013	0.180341	504	434
rs9513058	13	28814673	C	T	0.0322 	0.0088 	0.131945	0.49926	504	432
rs12909474	15	66858933	T	C	0.0321 	0.0091 	0.084987	0.20742	504	432
rs2980856	8	126476379	C	G	0.0321 	0.0089 	0.102791	0.303519	504	434
rs6691053	1	173868955	C	T	0.0321 	0.0087 	0.126344	0.458572	504	434
rs9656659	7	52558571	G	T	0.0321 	0.0087 	0.131912	0.499889	504	434
rs3818136	6	37252210	C	T	0.0321 	0.0087 	0.0920377	0.243372	504	434
rs4148765	2	169889579	C	T	0.0321 	0.0087 	0.097223	0.271575	504	434
rs1076655	6	35450364	C	T	0.0321 	0.0095 	0.063726	0.116718	502	430
rs1398948	2	111705427	T	C	0.0321 	0.0088 	0.130074	0.486407	500	434
rs11150968	18	74285160	C	T	0.0321 	0.0087 	0.131814	0.499943	502	434
rs10105517	8	125477797	G	T	0.0321 	0.0088 	0.120183	0.415845	502	434
rs17220640	3	184513018	T	C	0.0320 	0.0096 	0.058628	0.0990195	504	434
rs1361725	6	44752436	A	C	0.0320 	0.0086 	0.086203	0.214316	500	434
rs4808398	19	15977518	G	A	0.0320 	0.0087 	0.131428	0.498573	502	434
rs4656856	1	159859392	C	T	0.0320 	0.0086 	0.115079	0.382367	504	432
rs10886301	10	120532786	G	C	0.0319 	0.0086 	0.122184	0.431383	500	434
rs17672397	6	101288160	C	T	0.0319 	0.0088 	0.118408	0.405402	504	434
rs11172719	12	59171210	G	A	0.0319 	0.0087 	0.13152	0.499998	502	430
rs12244491	10	91824844	C	T	0.0319 	0.0086 	0.113225	0.37069	502	434
rs1897843	15	46612010	A	G	0.0318 	0.0086 	0.129672	0.487552	504	434
rs7033858	9	111077461	T	C	0.0318 	0.0086 	0.131273	0.49998	504	434
rs1486184	2	108700570	C	G	0.0318 	0.0089 	0.0906942	0.23877	504	434
rs10846016	12	14677424	C	T	0.0318 	0.0087 	0.13076	0.496363	504	434
rs1074014	11	108447598	T	C	0.0318 	0.0086 	0.108802	0.343823	500	434
rs17083818	5	93947146	T	C	0.0317 	0.0100 	0.048323	0.0678877	504	434
rs7647049	3	191257864	A	G	0.0317 	0.0086 	0.105607	0.324324	504	434
rs229080	21	28192990	C	T	0.0317 	0.0086 	0.131017	0.499673	504	434
rs7043136	9	84295136	G	A	0.0317 	0.0085 	0.105927	0.326842	504	434
rs17181617	5	6840226	C	T	0.0317 	0.0085 	0.088133	0.226295	504	434
rs2096016	1	67933748	T	C	0.0316 	0.0086 	0.127926	0.476975	500	432
rs2436424	5	156226550	G	A	0.0316 	0.0085 	0.10343	0.311963	502	434
rs8026722	15	99108638	T	C	0.0316 	0.0086 	0.069252	0.139927	504	434
rs7842900	8	18025043	A	G	0.0316 	0.0085 	0.092998	0.252457	504	434
rs12147724	14	94979504	C	G	0.0316 	0.0088 	0.050947	0.0757791	504	434
rs7505135	18	62552860	G	A	0.0316 	0.0085 	0.103742	0.314575	502	434
rs6502656	17	2881291	A	G	0.0315 	0.0085 	0.12547	0.460224	502	434
rs11049928	12	9426171	T	C	0.0315 	0.0085 	0.119048	0.414448	504	434
rs7983420	13	46261592	C	T	0.0315 	0.0085 	0.106887	0.334288	504	434
rs10088685	8	40635670	T	A	0.0315 	0.0085 	0.090047	0.237383	500	430
rs1429520	7	90989868	A	G	0.0315 	0.0085 	0.128712	0.485452	504	434
rs11099714	4	149941803	C	T	0.0314 	0.0085 	0.126912	0.472877	502	434
rs254742	5	86011540	A	G	0.0314 	0.0085 	0.112452	0.371225	500	434
rs6566037	18	75602183	T	G	0.0314 	0.0085 	0.129288	0.490978	504	434
rs17103072	14	66345369	G	C	0.0314 	0.0085 	0.12228	0.439087	502	432
rs6826969	4	42223934	G	A	0.0314 	0.0085 	0.108167	0.343963	504	434
rs4761613	12	94791968	T	C	0.0314 	0.0085 	0.108167	0.343963	504	434
rs6660778	1	203658207	A	G	0.0314 	0.0087 	0.110058	0.356178	502	434
rs2177744	10	106713633	A	G	0.0313 	0.0084 	0.108807	0.348691	504	434
rs10200178	2	217755070	C	T	0.0313 	0.0086 	0.053892	0.0855424	504	434
rs1933711	1	192641743	C	T	0.0313 	0.0086 	0.126088	0.468349	504	434
rs8055417	16	13207521	G	C	0.0313 	0.0086 	0.126088	0.468349	504	434
rs10779022	12	84070493	A	G	0.0313 	0.0085 	0.12613	0.468481	500	432
rs8042108	15	89404880	C	T	0.0313 	0.0086 	0.056835	0.0951922	504	434
rs1974829	5	32648225	A	G	0.0313 	0.0085 	0.0797359	0.187477	502	434
rs12621964	2	166439804	C	T	0.0313 	0.0086 	0.117447	0.40685	502	434
rs4669083	2	6745044	T	C	0.0312 	0.0087 	0.102787	0.311964	502	434
rs780373	3	59731151	C	T	0.0312 	0.0084 	0.115207	0.391972	504	434
rs967182	12	29642542	C	T	0.0312 	0.0085 	0.128264	0.48617	504	434
rs12451211	17	1965542	G	A	0.0312 	0.0090 	0.0715565	0.151289	502	432
rs7850023	9	114694486	A	G	0.0312 	0.0084 	0.111367	0.366876	504	434
rs17748039	8	93279144	G	C	0.0312 	0.0086 	0.113225	0.379237	502	434
rs267399	5	174956467	A	G	0.0311 	0.0084 	0.112327	0.373396	504	434
rs2076393	20	9459234	G	A	0.0311 	0.0085 	0.129687	0.497652	500	434
rs39178	7	153663138	G	T	0.0311 	0.0084 	0.093704	0.259783	500	432
rs8067269	17	41235799	G	A	0.0311 	0.0084 	0.127278	0.480595	502	432
rs7595382	2	3220709	G	A	0.0311 	0.0085 	0.120315	0.429486	500	432
rs12686729	9	33368648	T	A	0.0310 	0.0084 	0.089094	0.235678	504	434
rs477362	18	7536422	C	A	0.0310 	0.0087 	0.092463	0.253797	500	432
rs1771637	10	31446369	G	C	0.0310 	0.0084 	0.094278	0.264312	504	434
rs4082841	4	30484028	T	C	0.0310 	0.0084 	0.100742	0.302181	504	434
rs1561158	8	97615235	G	A	0.0310 	0.0084 	0.100742	0.302181	504	434
rs6837926	4	136097587	C	T	0.0309 	0.0086 	0.111303	0.369068	504	434
rs9514299	13	105280511	A	G	0.0309 	0.0084 	0.121097	0.436824	500	434
rs2824011	21	18113657	C	T	0.0309 	0.0084 	0.0806454	0.193835	504	434
rs16885655	6	22126189	A	G	0.0309 	0.0084 	0.080645	0.193835	504	434
rs4307407	9	75202504	G	A	0.0309 	0.0084 	0.127976	0.488166	504	432
rs2626414	14	42840592	T	C	0.0309 	0.0084 	0.129039	0.496513	502	432
rs4846468	1	218395927	C	T	0.0309 	0.0084 	0.129391	0.49934	502	434
rs16864222	3	189043611	A	G	0.0308 	0.0088 	0.077317	0.178634	504	434
rs11055480	12	13649675	G	A	0.0308 	0.0083 	0.1234	0.455447	504	434
rs1499262	3	1549177	T	C	0.0308 	0.0083 	0.124727	0.465463	502	434
rs9587163	13	107250705	C	T	0.0307 	0.0083 	0.119624	0.428785	504	434
rs2184040	1	170232873	C	T	0.0307 	0.0083 	0.128114	0.491782	502	434
rs713674	22	47939539	T	C	0.0307 	0.0084 	0.124461	0.464177	500	434
rs529603	10	132178240	C	T	0.0307 	0.0083 	0.127368	0.487214	504	434
rs9941272	16	31957368	G	T	0.0306 	0.0084 	0.060278	0.109166	500	432
rs13236869	7	35533597	G	A	0.0306 	0.0083 	0.115209	0.398992	500	430
rs12574939	11	46961995	T	C	0.0306 	0.0083 	0.097581	0.286296	500	430
rs3753382	1	160599505	C	T	0.0306 	0.0093 	0.053315	0.085542	504	434
rs878394	1	219073958	G	A	0.0306 	0.0083 	0.095238	0.273015	504	434
rs2890893	15	38516118	C	G	0.0306 	0.0083 	0.102342	0.315365	504	434
rs2153219	6	149755695	A	G	0.0305 	0.0084 	0.118855	0.426351	504	434
rs4841304	8	10120297	T	C	0.0305 	0.0085 	0.094086	0.267232	504	434
rs13166311	5	12781480	T	C	0.0305 	0.0085 	0.100486	0.304854	504	434
rs2622440	10	131186560	A	G	0.0305 	0.0082 	0.090054	0.244897	504	434
rs3125742	13	55731925	T	G	0.0305 	0.0082 	0.096724	0.282511	502	432
rs2479328	9	261855	G	A	0.0305 	0.0084 	0.107591	0.349862	504	434
rs10144686	14	78680438	G	A	0.0305 	0.0084 	0.121165	0.44373	502	434
rs4956307	4	142748463	A	T	0.0304 	0.0083 	0.126058	0.480678	502	434
rs11783067	8	6075093	G	A	0.0304 	0.0088 	0.067972	0.139928	504	434
rs1898203	13	102262930	C	G	0.0304 	0.0082 	0.085509	0.221542	504	434
rs12152863	5	107203628	C	T	0.0304 	0.0083 	0.128392	0.499489	504	434
rs3816699	10	3155353	C	T	0.0304 	0.0087 	0.075652	0.173485	504	434
rs9640583	7	88809649	T	C	0.0304 	0.0083 	0.063537	0.122334	500	432
rs2535633	3	52859630	C	G	0.0304 	0.0083 	0.12649	0.485022	502	434
rs4875310	8	4103130	G	A	0.0304 	0.0083 	0.12649	0.485022	502	434
rs1039398	4	36384404	A	G	0.0304 	0.0082 	0.103623	0.325585	504	434
rs2288476	5	115793437	G	A	0.0304 	0.0082 	0.126578	0.485692	504	430
rs11224280	11	96853779	T	G	0.0303 	0.0082 	0.125192	0.47635	504	434
rs7080366	10	17254832	C	T	0.0303 	0.0083 	0.123853	0.466433	500	434
rs9896168	17	50098437	A	G	0.0303 	0.0083 	0.118065	0.424058	500	434
rs12517012	5	66946591	T	G	0.0302 	0.0085 	0.092313	0.259328	500	434
rs12890607	14	36334030	G	C	0.0302 	0.0082 	0.094764	0.273484	502	434
rs11671711	19	39319194	G	A	0.0302 	0.0083 	0.113029	0.389036	502	432
rs11619090	13	85715146	G	A	0.0302 	0.0105 	0.029954	0.0273345	504	434
rs1405334	17	38901765	C	T	0.0302 	0.0084 	0.103926	0.329132	500	434
rs2048129	18	73690111	G	A	0.0302 	0.0082 	0.124872	0.475414	504	434
rs971193	5	110787629	C	A	0.0302 	0.0082 	0.126664	0.489489	504	434
rs36125	3	134694329	C	T	0.0302 	0.0081 	0.096518	0.284361	504	434
rs195184	1	115744428	T	C	0.0301 	0.0082 	0.124488	0.473486	504	434
rs7044964	9	105529428	C	A	0.0301 	0.0081 	0.105543	0.34037	504	434
rs685509	18	25143180	A	G	0.0301 	0.0082 	0.127646	0.497806	504	432
rs6684703	1	61018796	C	T	0.0301 	0.0082 	0.070213	0.150702	504	434
rs2804557	10	29335367	A	T	0.0301 	0.0082 	0.0737963	0.166557	504	434
rs3745836	19	56652592	G	A	0.0301 	0.0082 	0.127667	0.498561	500	432
rs10500271	19	34682013	A	G	0.0300 	0.0082 	0.071256	0.155461	500	430
rs10239298	7	7970015	A	G	0.0300 	0.0082 	0.127159	0.49558	502	434
rs2029829	3	30360756	T	C	0.0300 	0.0082 	0.119797	0.440089	502	434
rs17137211	7	114392509	A	T	0.0300 	0.0081 	0.124232	0.473486	504	434
rs16834078	1	31286629	A	T	0.0300 	0.0082 	0.127519	0.498787	504	430
rs1385253	4	152749595	T	C	0.0300 	0.0081 	0.123671	0.469282	502	434
rs6594839	5	114165361	C	A	0.0300 	0.0082 	0.118717	0.432464	504	432
rs12676706	8	2001345	G	C	0.0300 	0.0083 	0.114047	0.398992	500	430
rs11685117	2	216772767	A	T	0.0300 	0.0086 	0.076997	0.182044	504	434
rs7671984	4	63243647	G	C	0.0300 	0.0086 	0.076997	0.182044	504	434
rs35535963	4	57630324	C	G	0.0300 	0.0083 	0.108295	0.360193	504	434
rs654576	4	127369690	G	A	0.0300 	0.0081 	0.111943	0.384922	504	434
rs692309	15	49998682	T	C	0.0299 	0.0082 	0.127432	0.498998	504	434
rs6594612	5	111895379	C	G	0.0299 	0.0081 	0.117043	0.421022	502	434
rs6458849	6	13474277	C	G	0.0299 	0.0083 	0.101814	0.318707	500	430
rs13041631	20	39294664	G	C	0.0299 	0.0081 	0.125128	0.481994	504	434
rs345701	12	128083912	G	A	0.0298 	0.0082 	0.123464	0.469938	504	434
rs10472230	5	33656085	G	C	0.0298 	0.0084 	0.0929	0.266236	502	434
rs1519768	2	151648276	T	C	0.0298 	0.0081 	0.126792	0.49599	504	434
rs2096071	9	131525728	T	A	0.0298 	0.0082 	0.12564	0.487214	504	434
rs2246253	10	113894097	C	T	0.0298 	0.0081 	0.114418	0.404063	504	432
rs1943874	18	71221855	T	C	0.0298 	0.0081 	0.0636836	0.125306	504	434
rs4312608	3	192247712	G	A	0.0298 	0.0084 	0.091532	0.258874	502	434
rs565536	11	128136389	A	G	0.0298 	0.0081 	0.124552	0.479485	504	434
rs12990539	2	145822058	T	A	0.0297 	0.0082 	0.119485	0.441559	502	434
rs2255595	10	1455543	T	C	0.0297 	0.0081 	0.124669	0.481096	504	432
rs12038990	1	115234632	G	T	0.0297 	0.0081 	0.127013	0.499671	502	434
rs8031858	15	52528303	G	C	0.0297 	0.0086 	0.069316	0.148917	504	434
rs6066146	20	45599553	A	G	0.0297 	0.0081 	0.126535	0.496347	502	434
rs8094039	18	11765356	T	C	0.0296 	0.0080 	0.121096	0.454808	504	434
rs4803759	19	45327459	T	C	0.0296 	0.0081 	0.120972	0.453968	502	434
rs2921188	3	12412115	G	A	0.0296 	0.0084 	0.0864424	0.231843	500	434
rs3766645	1	178789399	G	A	0.0296 	0.0084 	0.078341	0.190488	504	434
rs2796871	13	83810548	T	G	0.0296 	0.0081 	0.120327	0.449534	504	434
rs234098	1	184937385	C	T	0.0296 	0.0080 	0.122952	0.469413	504	434
rs6077844	20	10579996	A	G	0.0296 	0.0080 	0.122952	0.469413	504	434
rs4909069	7	158140115	C	T	0.0296 	0.0080 	0.0822448	0.210291	504	434
rs2208985	3	130567790	G	T	0.0295 	0.0082 	0.11136	0.385989	502	432
rs7556965	2	165145004	T	A	0.0295 	0.0085 	0.071389	0.158713	500	432
rs9895419	17	76840914	A	G	0.0295 	0.0081 	0.0586102	0.10705	504	430
rs1947223	2	225946057	T	G	0.0295 	0.0092 	0.048003	0.0718427	504	434
rs12508086	4	103327149	T	C	0.0295 	0.0081 	0.113095	0.398798	504	434
rs239649	21	28795375	T	C	0.0295 	0.0080 	0.124008	0.479397	504	432
rs12550518	8	127622258	T	C	0.0295 	0.0080 	0.107368	0.359595	502	434
rs2870403	4	11156745	C	G	0.0294 	0.0080 	0.107473	0.360725	504	432
rs7012804	8	143844650	A	G	0.0294 	0.0081 	0.110608	0.382367	502	434
rs10147741	14	41352618	T	A	0.0294 	0.0081 	0.110608	0.382367	502	434
rs7976110	12	124249818	G	A	0.0293 	0.0091 	0.04795	0.07199	504	432
rs1016516	2	7371689	A	G	0.0293 	0.0080 	0.123911	0.481176	504	434
rs12640371	4	35668267	A	C	0.0293 	0.0079 	0.115719	0.419659	504	434
rs8074124	17	36531565	C	T	0.0293 	0.0080 	0.125521	0.493801	500	434
rs6833150	4	61659236	A	G	0.0293 	0.0080 	0.125907	0.496834	500	430
rs9379960	6	27121325	T	G	0.0293 	0.0081 	0.103239	0.334289	504	434
rs4684697	3	10534475	C	G	0.0292 	0.0079 	0.070853	0.157794	504	434
rs15807	5	61683125	G	C	0.0292 	0.0081 	0.112061	0.395006	502	432
rs11257428	10	11964013	A	G	0.0292 	0.0079 	0.102857	0.332867	502	432
rs17313372	8	124070432	A	G	0.0291 	0.0087 	0.05664	0.10113	502	434
rs16997893	21	35390852	T	C	0.0291 	0.0079 	0.121815	0.468481	500	432
rs12667132	7	129020020	G	C	0.0291 	0.0079 	0.121031	0.462757	504	434
rs839591	3	31077105	A	G	0.0291 	0.0079 	0.122568	0.474939	504	434
rs4696607	4	155773872	G	A	0.0290 	0.0079 	0.125128	0.495397	504	434
rs7016497	8	141677324	T	C	0.0290 	0.0079 	0.124744	0.492871	504	434
rs6547924	2	29627861	C	T	0.0290 	0.0086 	0.0579877	0.106621	504	434
rs7932649	11	126783878	C	T	0.0290 	0.0083 	0.04045	0.0518846	504	434
rs8040431	15	93106506	C	T	0.0290 	0.0084 	0.065988	0.138116	504	434
rs11843987	13	114244269	A	G	0.0290 	0.0078 	0.093278	0.275866	500	432
rs13150235	4	47600312	C	T	0.0289 	0.0079 	0.119613	0.453969	502	434
rs41374146	2	86835804	T	G	0.0289 	0.0081 	0.046296	0.0680267	504	432
rs6805055	3	99430360	T	A	0.0289 	0.0084 	0.038029	0.0459028	504	432
rs11230197	11	59988353	G	T	0.0289 	0.0082 	0.083998	0.223945	502	432
rs4305450	3	32325273	G	A	0.0289 	0.0093 	0.042691	0.0579188	504	434
rs3019544	11	60751923	C	T	0.0289 	0.0093 	0.0426908	0.0579194	504	434
rs10129255	14	107176213	C	T	0.0289 	0.0079 	0.12148	0.469413	504	434
rs6430545	2	135602601	T	A	0.0289 	0.0079 	0.067588	0.145335	504	434
rs2237165	6	16654023	T	G	0.0289 	0.0079 	0.125256	0.499179	504	434
rs3127065	20	42357295	C	A	0.0288 	0.0081 	0.093643	0.2792	502	434
rs10848863	12	3561810	A	G	0.0288 	0.0079 	0.115208	0.423041	504	434
rs7338389	13	47094137	C	T	0.0288 	0.0079 	0.124974	0.497945	502	434
rs6710885	2	102977537	A	G	0.0288 	0.0078 	0.121608	0.471993	504	434
rs9801115	7	75363697	C	G	0.0288 	0.0078 	0.124338	0.493343	504	432
rs6478704	9	128198422	C	A	0.0288 	0.0078 	0.12372	0.488541	504	434
rs6929879	6	51677213	T	C	0.0288 	0.0080 	0.0495136	0.0782203	502	430
rs10054357	5	82162360	A	G	0.0287 	0.0078 	0.10007	0.319743	502	434
rs11117428	16	85992829	T	C	0.0287 	0.0080 	0.096839	0.299489	504	434
rs10189304	2	8828645	G	A	0.0287 	0.0078 	0.105478	0.355647	504	434
rs2078370	1	83251624	T	G	0.0287 	0.0078 	0.105799	0.35793	504	434
rs7113140	11	123053078	T	C	0.0287 	0.0078 	0.105799	0.35793	504	434
rs11111141	12	102429501	A	C	0.0287 	0.0081 	0.086405	0.238769	504	434
rs12661250	6	147905884	T	G	0.0287 	0.0078 	0.075077	0.180341	504	434
rs11824624	11	24921347	G	A	0.0287 	0.0085 	0.035203	0.0396913	504	434
rs940525	7	27560822	C	T	0.0287 	0.0083 	0.0689961	0.152481	504	434
rs986090	17	63123592	G	T	0.0287 	0.0083 	0.068996	0.152481	504	434
rs11090364	22	25401482	C	T	0.0286 	0.0078 	0.1234	0.487886	504	434
rs2194292	16	78246178	A	G	0.0286 	0.0079 	0.118343	0.448855	504	434
rs10809039	9	10230321	C	A	0.0286 	0.0078 	0.124901	0.499991	502	434
rs4481120	3	72293852	C	G	0.0286 	0.0078 	0.124007	0.492841	504	432
rs2083351	2	105231870	G	T	0.0286 	0.0080 	0.098796	0.31298	500	432
rs11928368	3	85661265	G	T	0.0286 	0.0078 	0.118562	0.45113	502	432
rs9570502	13	61776841	A	G	0.0286 	0.0078 	0.057678	0.106835	502	434
rs12674026	7	29716685	G	A	0.0286 	0.0082 	0.072005	0.166557	504	434
rs6910423	6	143438684	C	G	0.0286 	0.0078 	0.121872	0.477171	502	434
rs2270838	16	69959223	G	A	0.0286 	0.0078 	0.124515	0.49821	502	434
rs7311609	12	98380281	T	C	0.0285 	0.0080 	0.0881727	0.249888	502	434
rs199689	1	77494679	T	G	0.0285 	0.0081 	0.081659	0.214316	500	434
rs2295756	11	35241229	T	C	0.0285 	0.0078 	0.12308	0.487214	504	434
rs4637633	6	57898336	G	A	0.0285 	0.0078 	0.124488	0.498463	504	434
rs3851262	10	45658078	A	G	0.0285 	0.0079 	0.112135	0.404471	504	434
rs9912125	17	55633468	C	T	0.0285 	0.0081 	0.083334	0.223537	504	432
rs6813593	4	160388953	G	A	0.0285 	0.0077 	0.074249	0.177597	500	434
rs7827498	8	116280831	G	A	0.0285 	0.0077 	0.105981	0.361793	500	432
rs10808515	8	121848549	C	T	0.0284 	0.0078 	0.11732	0.44397	504	434
rs2457826	1	62674858	C	T	0.0284 	0.0077 	0.11193	0.404063	502	434
rs9509057	13	20723127	G	A	0.0284 	0.0077 	0.118471	0.452864	504	434
rs365010	16	4152190	A	C	0.0284 	0.0077 	0.067909	0.148918	504	434
rs17099139	10	121419487	C	G	0.0284 	0.0083 	0.060046	0.116485	500	434
rs896543	2	237509207	G	A	0.0284 	0.0077 	0.092286	0.275392	500	434
rs4943172	13	34573945	T	C	0.0284 	0.0077 	0.1207	0.471241	500	434
rs4402119	1	223689014	C	T	0.0283 	0.0079 	0.092805	0.278724	504	434
rs16870442	6	10495236	A	G	0.0283 	0.0077 	0.084938	0.23341	502	432
rs1524834	8	88006771	C	T	0.0283 	0.0079 	0.101781	0.335334	504	430
rs872937	9	90852236	C	G	0.0283 	0.0077 	0.114375	0.423875	504	434
rs11584308	1	14805993	C	G	0.0283 	0.0077 	0.108466	0.381328	504	432
rs7847391	9	14294068	C	T	0.0283 	0.0079 	0.0489632	0.077741	504	434
rs2030437	12	129868392	G	C	0.0283 	0.0080 	0.082053	0.21835	504	434
rs6828324	4	44778348	G	A	0.0283 	0.0077 	0.119182	0.460824	502	434
rs1215455	13	80697926	A	G	0.0282 	0.0079 	0.091462	0.271575	504	434
rs7702070	5	37888575	A	G	0.0282 	0.0078 	0.114567	0.426351	504	434
rs519175	11	92334070	G	A	0.0282 	0.0079 	0.101255	0.333059	504	434
rs770701	1	5743509	A	G	0.0282 	0.0089 	0.044354	0.0639135	504	434
rs4769739	13	30014752	G	T	0.0282 	0.0077 	0.108185	0.380285	502	434
rs9392821	6	6662628	G	A	0.0282 	0.0079 	0.096359	0.301833	500	434
rs1380490	6	93425595	G	C	0.0282 	0.0077 	0.119153	0.461848	502	432
rs158704	5	102834360	C	A	0.0282 	0.0076 	0.096774	0.304854	504	434
rs1575284	9	5267043	G	T	0.0282 	0.0076 	0.096774	0.304854	504	434
rs7949880	11	8073236	C	T	0.0282 	0.0077 	0.120712	0.47424	502	432
rs697546	5	14087633	A	G	0.0282 	0.0077 	0.115869	0.437094	502	434
rs12460407	19	8181037	T	C	0.0281 	0.0077 	0.119815	0.46781	504	434
rs860627	19	38486192	T	C	0.0281 	0.0078 	0.048892	0.0779002	502	434
rs2199308	4	87099337	T	C	0.0281 	0.0081 	0.070341	0.161313	504	434
rs3912608	3	162654424	A	G	0.0281 	0.0087 	0.046426	0.0702996	500	432
rs7283860	21	36835201	G	T	0.0281 	0.0076 	0.071812	0.168296	504	434
rs10252097	7	36049833	G	T	0.0281 	0.0076 	0.079941	0.208666	504	434
rs187615	16	8382864	G	A	0.0281 	0.0076 	0.079941	0.208666	504	434
rs4560590	5	161838225	G	A	0.0281 	0.0076 	0.100977	0.332866	500	434
rs7863100	9	18640590	T	C	0.0281 	0.0080 	0.077701	0.197162	504	434
rs4687751	3	53883910	C	T	0.0281 	0.0077 	0.12372	0.499964	504	434
rs2536875	12	31298101	T	C	0.0281 	0.0077 	0.123648	0.499254	500	432
rs724813	7	121249593	T	C	0.0280 	0.0076 	0.112456	0.413564	504	434
rs1503555	8	107307805	G	A	0.0280 	0.0093 	0.039043	0.0498633	504	434
rs743444	21	40056259	C	T	0.0280 	0.0076 	0.07705	0.194198	504	432
rs226751	3	151832353	T	A	0.0280 	0.0077 	0.119531	0.467673	502	434
rs10142183	14	29723729	G	C	0.0280 	0.0076 	0.101585	0.337782	500	434
rs9638335	7	73907864	C	G	0.0280 	0.0076 	0.112135	0.411782	504	434
rs9324431	8	137149272	G	C	0.0280 	0.0077 	0.121288	0.482397	504	434
rs2246513	21	21072770	G	A	0.0279 	0.0076 	0.098054	0.315365	504	434
rs12648235	4	161115744	C	T	0.0279 	0.0076 	0.123346	0.498993	504	432
rs10867730	9	72142700	T	C	0.0279 	0.0076 	0.118184	0.458217	502	432
rs1453377	8	95969947	C	T	0.0279 	0.0077 	0.116679	0.446788	504	434
rs12136933	1	240666156	G	T	0.0279 	0.0076 	0.10958	0.394023	502	432
rs4993917	2	53812676	G	T	0.0279 	0.0078 	0.092777	0.28251	502	432
rs9285222	13	60039368	G	A	0.0279 	0.0080 	0.07495	0.184438	502	432
rs6038037	20	109272	C	G	0.0279 	0.0081 	0.065668	0.141735	504	434
rs17123202	20	30922635	A	G	0.0279 	0.0081 	0.065668	0.141735	504	434
rs2849714	21	43208598	T	C	0.0279 	0.0087 	0.046195	0.0701549	502	432
rs1439111	2	135082760	A	C	0.0278 	0.0077 	0.110471	0.401655	504	434
rs7704594	5	162907990	G	C	0.0278 	0.0082 	0.060847	0.121847	504	432
rs10760528	9	130827345	G	A	0.0278 	0.0078 	0.096198	0.304854	504	434
rs1888637	9	118947425	G	A	0.0278 	0.0076 	0.076036	0.190488	504	434
rs264607	2	159888711	G	A	0.0278 	0.0076 	0.123102	0.49926	502	434
rs2620694	12	26262137	T	C	0.0278 	0.0075 	0.099014	0.323057	504	434
rs6465837	7	101549007	G	A	0.0278 	0.0082 	0.0593318	0.116021	504	434
rs17828874	15	63516266	G	C	0.0278 	0.0076 	0.113684	0.426036	502	434
rs12094215	1	199419739	C	A	0.0278 	0.0075 	0.107321	0.379771	502	432
rs9323435	14	63780460	T	C	0.0278 	0.0075 	0.099335	0.325585	504	434
rs3099914	4	42810102	C	A	0.0277 	0.0075 	0.0767578	0.194563	502	432
rs486118	12	63288667	C	T	0.0277 	0.0076 	0.123016	0.499943	504	434
rs17363477	2	9931094	A	G	0.0277 	0.0078 	0.091142	0.274448	504	434
rs7974710	12	109674597	G	C	0.0277 	0.0112 	0.031873	0.0336041	502	434
rs4861647	4	185874675	T	C	0.0277 	0.0079 	0.071684	0.17003	504	434
rs11000794	10	53865984	T	C	0.0277 	0.0075 	0.116685	0.45067	502	434
rs6496877	15	92477919	A	G	0.0276 	0.0086 	0.0459656	0.0700106	504	432
rs10884528	10	109511008	T	G	0.0276 	0.0076 	0.122568	0.498088	504	434
rs712100	12	47641187	C	A	0.0276 	0.0078 	0.041203	0.0562614	502	430
rs10512987	3	135823077	C	T	0.0276 	0.0076 	0.055171	0.100927	504	434
rs1871550	12	67044070	T	A	0.0276 	0.0078 	0.081734	0.221542	504	434
rs2287375	14	77684842	A	T	0.0276 	0.0075 	0.114631	0.435843	504	434
rs7243662	18	55859854	A	G	0.0276 	0.0075 	0.119704	0.475573	500	432
rs6917282	6	156175005	T	C	0.0276 	0.0075 	0.0685486	0.156028	504	434
rs2268147	1	201252866	C	T	0.0276 	0.0075 	0.065807	0.143818	504	432
rs2781405	14	97954813	A	G	0.0276 	0.0078 	0.088453	0.2599	504	434
rs11676858	2	97597577	A	G	0.0276 	0.0076 	0.114631	0.436605	504	434
rs9927842	16	15153717	T	C	0.0275 	0.0075 	0.101895	0.345152	504	434
rs12221752	11	17025463	T	C	0.0275 	0.0075 	0.106375	0.376594	504	434
rs2086452	15	100728663	G	A	0.0275 	0.0075 	0.122584	0.499998	502	432
rs16843480	1	198591495	A	T	0.0275 	0.0075 	0.090155	0.270598	502	434
rs2045352	6	122440840	C	T	0.0275 	0.0075 	0.071888	0.172089	502	434
rs806928	17	51370948	A	G	0.0275 	0.0075 	0.071888	0.172089	502	434
rs287119	5	154434105	G	A	0.0275 	0.0075 	0.113991	0.432752	504	434
rs1670557	11	73563028	G	A	0.0275 	0.0075 	0.121032	0.487887	504	434
rs7553734	1	219792920	A	G	0.0275 	0.0096 	0.0353943	0.0417347	504	434
rs17008756	2	123605115	C	T	0.0275 	0.0082 	0.052968	0.0934596	502	434
rs11777243	8	133476745	C	T	0.0275 	0.0076 	0.120513	0.483892	502	434
rs1406888	6	161091593	C	T	0.0275 	0.0075 	0.122248	0.498343	504	434
rs879823	14	74782515	A	G	0.0275 	0.0075 	0.122404	0.499553	502	434
rs10502116	11	109209479	T	C	0.0275 	0.0075 	0.119899	0.479309	500	434
rs4680570	3	159929750	T	C	0.0274 	0.0076 	0.105031	0.367975	504	434
rs4892005	18	70074812	A	T	0.0274 	0.0075 	0.121927	0.49599	504	434
rs10261830	7	105879061	A	C	0.0274 	0.0075 	0.0724529	0.175206	504	434
rs3760160	17	55068816	G	A	0.0274 	0.0075 	0.0724529	0.175206	504	434
rs9851154	3	154729690	G	C	0.0273 	0.0075 	0.122024	0.499979	504	432
rs10506789	12	79130633	C	G	0.0272 	0.0078 	0.070021	0.164813	504	434
rs6536647	4	163200863	A	G	0.0272 	0.0075 	0.11562	0.449318	502	434
rs17689262	2	20081474	G	A	0.0272 	0.0082 	0.051011	0.0874808	504	434
rs4728650	7	86347166	C	A	0.0272 	0.0082 	0.051011	0.0874808	504	434
rs7331445	13	71719404	T	A	0.0272 	0.0075 	0.116364	0.455256	502	434
rs2278106	6	94120219	G	A	0.0272 	0.0074 	0.091092	0.2792	502	434
rs11592100	10	18439022	C	A	0.0272 	0.0079 	0.06234	0.130823	504	434
rs2720643	8	15714673	G	C	0.0272 	0.0074 	0.085354	0.245334	502	434
rs10886847	10	122829306	G	A	0.0272 	0.0074 	0.120712	0.490978	504	434
rs2815249	1	217573623	A	G	0.0271 	0.0075 	0.119457	0.481096	502	434
rs4244165	1	65421071	G	T	0.0271 	0.0075 	0.113288	0.432752	504	434
rs7199170	16	7736410	G	A	0.0271 	0.0076 	0.096902	0.316658	504	434
rs687667	6	124941096	C	T	0.0271 	0.0074 	0.072773	0.178634	504	434
rs34369393	11	13289344	G	A	0.0271 	0.0074 	0.111751	0.421359	504	434
rs11073852	15	85511981	T	A	0.0271 	0.0074 	0.111751	0.421359	504	434
rs6074520	20	12905188	T	C	0.0271 	0.0074 	0.121672	0.499773	504	434
rs1447265	11	30691539	T	C	0.0271 	0.0075 	0.049204	0.0818168	502	434
rs2609081	5	2286287	A	G	0.0271 	0.0074 	0.106193	0.381328	502	434
rs10491659	9	29244165	G	T	0.0270 	0.0077 	0.077661	0.204142	502	434
rs1458006	3	88461825	C	T	0.0270 	0.0074 	0.121224	0.497525	504	434
rs9948841	18	69321293	A	G	0.0270 	0.0074 	0.120651	0.492748	500	430
rs2728468	7	47260060	C	T	0.0270 	0.0074 	0.119495	0.483961	504	434
rs11264857	1	157884976	C	T	0.0270 	0.0074 	0.118829	0.478871	500	434
rs2663129	15	99609016	A	C	0.0269 	0.0076 	0.082757	0.232569	504	434
rs1326466	13	48197479	G	A	0.0269 	0.0074 	0.120072	0.489796	504	434
rs11142496	9	73197847	A	G	0.0269 	0.0076 	0.084101	0.240308	504	434
rs2128439	4	60436293	A	T	0.0269 	0.0074 	0.1186	0.478169	504	434
rs10822304	10	66260362	A	C	0.0269 	0.0074 	0.1186	0.478169	504	434
rs10772882	12	16096497	T	G	0.0269 	0.0073 	0.081861	0.22787	504	434
rs11650603	17	27492042	C	T	0.0269 	0.0074 	0.120009	0.489752	502	434
rs12331897	4	169570129	A	G	0.0269 	0.0074 	0.06202	0.130824	504	434
rs7120631	11	11259129	T	C	0.0269 	0.0074 	0.120304	0.492288	500	434
rs881428	13	24810179	G	A	0.0269 	0.0074 	0.11124	0.421359	504	434
rs7826640	8	27764576	G	A	0.0268 	0.0073 	0.113927	0.442533	504	434
rs17709318	15	94148645	A	G	0.0268 	0.0073 	0.120328	0.493854	504	434
rs10262762	7	53693972	G	A	0.0268 	0.0073 	0.118856	0.482397	504	434
rs7930676	11	133244692	A	G	0.0267 	0.0075 	0.091576	0.286727	500	434
rs6835945	4	182585855	C	T	0.0267 	0.0075 	0.090501	0.28014	504	434
rs1321713	20	59356210	T	C	0.0267 	0.0073 	0.0821809	0.231007	504	434
rs2587694	2	120213497	A	G	0.0267 	0.0073 	0.118717	0.482321	504	432
rs9976461	21	33793535	G	A	0.0267 	0.0076 	0.038146	0.0498639	504	434
rs757902	7	106500358	G	A	0.0267 	0.0074 	0.099974	0.34277	504	434
rs7302674	12	126490070	G	T	0.0266 	0.0072 	0.088006	0.265774	504	434
rs1510445	8	14523314	G	C	0.0266 	0.0074 	0.108455	0.403651	502	432
rs11222492	11	131018732	T	C	0.0266 	0.0074 	0.108855	0.40685	502	434
rs2039839	1	243598670	A	G	0.0266 	0.0074 	0.103836	0.37069	504	432
rs1817365	4	98283995	G	A	0.0266 	0.0072 	0.072824	0.182389	502	434
rs7833604	8	83758929	G	A	0.0265 	0.0072 	0.109458	0.412302	504	432
rs17464981	1	38192537	T	C	0.0265 	0.0082 	0.030266	0.0315375	502	434
rs9487240	6	110189125	T	C	0.0265 	0.0072 	0.106951	0.393945	504	434
rs7822384	8	121071789	A	G	0.0265 	0.0072 	0.106951	0.393945	504	434
rs10118277	9	37558780	C	A	0.0265 	0.0072 	0.106951	0.393945	504	434
rs764583	17	54568163	A	C	0.0265 	0.0075 	0.087814	0.265775	504	434
rs4970966	1	150584103	G	T	0.0265 	0.0072 	0.106631	0.391972	504	434
rs4506244	8	2501480	G	A	0.0265 	0.0072 	0.114069	0.448636	502	434
rs6554679	5	1236690	T	C	0.0265 	0.0074 	0.107143	0.3959	504	434
rs12187429	5	135838224	T	C	0.0265 	0.0074 	0.107143	0.3959	504	434
rs4374321	2	215003311	T	C	0.0265 	0.0073 	0.119943	0.496179	504	434
rs28622320	18	40732001	G	A	0.0265 	0.0073 	0.119943	0.496179	504	434
rs4936167	11	132314476	C	T	0.0265 	0.0074 	0.102022	0.359064	504	434
rs12725402	1	95118391	T	C	0.0265 	0.0077 	0.063684	0.139928	504	434
rs7182718	15	62919107	G	T	0.0265 	0.0073 	0.109895	0.417074	504	434
rs7971953	12	60090207	G	C	0.0264 	0.0076 	0.074558	0.19193	500	430
rs698893	1	16302982	G	A	0.0264 	0.0074 	0.103047	0.366877	504	434
rs7693847	4	157605067	T	G	0.0264 	0.0073 	0.11988	0.496543	504	434
rs7958443	12	27130165	C	A	0.0264 	0.0075 	0.086469	0.258421	504	434
rs6469184	8	109438913	G	A	0.0264 	0.0072 	0.081801	0.231425	502	434
rs1872943	3	57152531	C	A	0.0264 	0.0072 	0.119954	0.497652	500	434
rs12614548	2	192533510	A	G	0.0264 	0.0072 	0.077957	0.210291	504	434
rs1964931	13	74851170	T	C	0.0264 	0.0072 	0.0779567	0.210292	504	434
rs10035477	5	95227507	T	C	0.0264 	0.0072 	0.109507	0.414966	502	434
rs4764188	12	10158924	G	A	0.0264 	0.0074 	0.091526	0.289926	504	434
rs12593298	15	54488696	T	A	0.0264 	0.0072 	0.09895	0.339162	504	434
rs12136856	1	156473114	C	G	0.0264 	0.0073 	0.112141	0.435569	502	434
rs433534	7	107727440	T	C	0.0264 	0.0073 	0.119111	0.491542	504	434
rs7904402	10	129357070	C	T	0.0264 	0.0072 	0.119944	0.498463	504	434
rs1490980	5	124958814	A	C	0.0264 	0.0072 	0.109194	0.413194	502	434
rs16934207	8	69043085	G	C	0.0263 	0.0074 	0.083782	0.243373	504	434
rs1385939	7	46315377	T	G	0.0263 	0.0072 	0.104071	0.375533	504	434
rs2972544	19	36752221	G	A	0.0263 	0.0072 	0.116402	0.469809	504	432
rs41447749	12	42792751	C	T	0.0263 	0.0073 	0.052445	0.0953841	502	434
rs1240259	12	70233934	T	C	0.0263 	0.0072 	0.099911	0.346336	504	434
rs546339	22	27628151	G	C	0.0263 	0.0072 	0.10343	0.371241	504	434
rs7723282	5	72489960	A	G	0.0263 	0.0073 	0.113426	0.446561	504	432
rs4470399	20	1930704	C	T	0.0263 	0.0074 	0.096262	0.321787	504	434
rs4887899	16	77272582	T	C	0.0263 	0.0072 	0.10119	0.355647	504	434
rs9344929	6	90075796	A	C	0.0263 	0.0073 	0.107474	0.401234	504	432
rs3733032	3	36892409	G	A	0.0263 	0.0073 	0.049604	0.0855424	504	434
rs4474796	19	57759625	C	T	0.0263 	0.0073 	0.107847	0.404471	504	434
rs7906444	10	92733627	G	A	0.0263 	0.0078 	0.032898	0.0376425	504	434
rs6043363	20	15542612	T	C	0.0263 	0.0071 	0.089286	0.277304	504	434
rs619364	1	4646379	G	A	0.0263 	0.0072 	0.119742	0.498685	502	434
rs10797465	1	233633819	G	T	0.0263 	0.0072 	0.119742	0.498685	502	434
rs3026510	20	57945157	T	C	0.0262 	0.0075 	0.078718	0.215536	502	434
rs10970110	9	31108083	T	C	0.0262 	0.0074 	0.088624	0.273484	504	432
rs2957154	11	64584987	C	T	0.0262 	0.0072 	0.115024	0.460656	504	430
rs17034345	2	61063289	C	T	0.0262 	0.0072 	0.055812	0.10851	504	434
rs1010776	4	4942150	C	T	0.0262 	0.0072 	0.110727	0.427167	504	434
rs12048236	1	232942251	A	G	0.0262 	0.0071 	0.078277	0.213528	504	434
rs6473525	8	85070206	A	G	0.0262 	0.0072 	0.11664	0.47435	502	434
rs2144922	22	28923317	G	A	0.0262 	0.0071 	0.0698281	0.17003	504	434
rs2081977	19	28601957	C	T	0.0261 	0.0071 	0.11435	0.456339	504	430
rs2506843	6	138417080	C	G	0.0261 	0.0076 	0.062019	0.134478	504	434
rs17127142	14	54468434	A	T	0.0261 	0.0071 	0.1154	0.46561	504	434
rs13200447	6	118132131	G	A	0.0261 	0.0072 	0.049517	0.0857167	502	434
rs11927391	3	141026385	G	T	0.0261 	0.0073 	0.092549	0.299489	504	434
rs7774359	6	5486254	A	G	0.0261 	0.0071 	0.089926	0.282959	504	434
rs4948367	10	61573386	C	A	0.0261 	0.0077 	0.055683	0.10851	504	434
rs4290680	2	71835788	C	T	0.0261 	0.0081 	0.044035	0.0678877	504	434
rs6489367	12	2475676	G	C	0.0261 	0.0072 	0.114804	0.46142	502	434
rs12086029	1	41903038	C	T	0.0261 	0.0071 	0.116615	0.47635	504	434
rs12403010	1	242842082	G	C	0.0261 	0.0071 	0.11541	0.466577	504	432
rs1523358	5	98686197	T	C	0.0260 	0.0072 	0.115527	0.46781	504	434
rs11141934	9	90276666	G	A	0.0260 	0.0071 	0.080093	0.224766	500	430
rs12488777	3	166430949	G	T	0.0260 	0.0072 	0.055685	0.108729	502	434
rs4563067	17	72188546	G	A	0.0260 	0.0072 	0.116616	0.477721	504	434
rs1268070	6	126041164	C	T	0.0260 	0.0073 	0.091772	0.295911	502	434
rs4126494	1	145434931	A	G	0.0260 	0.0074 	0.076741	0.207037	504	434
rs9604203	13	112769618	A	G	0.0260 	0.0074 	0.076741	0.207037	504	434
rs635581	2	31549213	G	T	0.0260 	0.0071 	0.092039	0.297768	502	432
rs9573068	13	73503847	G	A	0.0259 	0.0071 	0.119245	0.499943	502	432
rs1529917	16	5910763	C	T	0.0259 	0.0071 	0.104825	0.386476	502	434
rs6974720	7	122228806	T	C	0.0259 	0.0071 	0.06266	0.138116	504	434
rs4671217	2	54670518	T	C	0.0259 	0.0072 	0.110983	0.433532	504	434
rs13029794	2	139914782	A	C	0.0259 	0.0073 	0.086149	0.261376	504	434
rs12801793	11	122084828	G	T	0.0259 	0.0072 	0.099334	0.347516	504	434
rs1255463	10	65406161	A	C	0.0259 	0.0072 	0.097674	0.336036	502	434
rs12607692	18	31055105	T	C	0.0259 	0.0071 	0.103889	0.380285	502	434
rs2922037	11	41309275	C	T	0.0259 	0.0070 	0.084101	0.249446	504	434
rs7912972	10	55779515	C	T	0.0259 	0.0071 	0.103265	0.376066	502	434
rs12576603	11	36178090	C	T	0.0259 	0.0071 	0.103265	0.376066	502	434
rs12901081	15	67370368	C	G	0.0259 	0.0071 	0.119048	0.499889	504	434
rs11999731	9	132539989	A	G	0.0259 	0.0078 	0.049296	0.0857164	502	434
rs902444	4	105923047	T	C	0.0259 	0.0074 	0.078085	0.21514	504	434
rs4241679	4	68259882	T	A	0.0259 	0.0071 	0.108487	0.415329	504	434
rs1454373	16	21658389	G	A	0.0258 	0.0072 	0.111687	0.440344	504	434
rs408302	21	31200503	T	C	0.0258 	0.0072 	0.100359	0.355647	504	434
rs16938235	8	73454864	T	A	0.0258 	0.0071 	0.118852	0.498792	502	434
rs16917653	9	115746431	A	G	0.0258 	0.0070 	0.100198	0.35503	504	432
rs17661645	7	48354698	T	A	0.0258 	0.0072 	0.101382	0.363555	504	434
rs12639850	4	122244597	G	A	0.0258 	0.0070 	0.099537	0.350391	504	432
rs11995005	8	90798999	A	G	0.0258 	0.0070 	0.099537	0.350391	504	432
rs637910	5	178832325	A	G	0.0258 	0.0070 	0.107926	0.411926	500	434
rs4802703	19	50884885	C	A	0.0258 	0.0073 	0.083462	0.246419	504	434
rs7589683	2	121120552	T	C	0.0258 	0.0071 	0.118599	0.497816	504	434
rs6533232	4	106909442	A	G	0.0258 	0.0071 	0.115656	0.473486	504	434
rs9558965	13	107835637	C	T	0.0258 	0.0073 	0.080773	0.231007	504	434
rs12625220	20	4676688	G	A	0.0258 	0.0075 	0.060356	0.128988	504	434
rs4747144	10	73028146	C	T	0.0258 	0.0071 	0.115501	0.47214	502	430
rs603805	10	30782289	G	A	0.0258 	0.0072 	0.102185	0.369578	500	432
rs198889	21	32003551	C	T	0.0257 	0.0070 	0.084421	0.252456	504	434
rs6439655	3	136466599	A	G	0.0257 	0.0071 	0.052867	0.0990199	504	434
rs9541012	13	67700236	A	C	0.0257 	0.0083 	0.0390876	0.0541247	500	434
rs2042754	8	18873869	C	G	0.0257 	0.0071 	0.118727	0.499943	504	434
rs7703421	5	150700019	C	G	0.0257 	0.0070 	0.07825	0.217145	502	434
rs1551040	3	100766361	C	G	0.0257 	0.0070 	0.116552	0.481994	504	434
rs10865895	3	40378677	C	T	0.0257 	0.0071 	0.11668	0.483188	504	434
rs9601485	13	81475442	C	T	0.0257 	0.0070 	0.091846	0.29949	504	434
rs12726792	1	230473545	C	A	0.0257 	0.0070 	0.059395	0.125306	504	434
rs1565350	12	92016920	T	G	0.0257 	0.0078 	0.0473631	0.0796982	504	434
rs16943088	18	2341382	G	A	0.0257 	0.0071 	0.118613	0.499979	502	434
rs12230722	12	95956778	C	A	0.0256 	0.0071 	0.108935	0.422202	504	434
rs1009221	2	26894589	A	G	0.0256 	0.0072 	0.091442	0.297396	500	430
rs4868226	5	172293965	A	C	0.0256 	0.0071 	0.111806	0.444919	500	434
rs1425843	11	109940705	A	C	0.0256 	0.0070 	0.066564	0.157794	504	434
rs9371294	6	150420044	G	A	0.0256 	0.0070 	0.106567	0.404472	504	434
rs4989636	7	132521183	T	C	0.0256 	0.0070 	0.070469	0.176922	504	434
rs17046231	3	6913374	C	T	0.0256 	0.0070 	0.092486	0.304854	504	434
rs782434	3	127418950	A	T	0.0255 	0.0073 	0.06938	0.17176	504	434
rs12293393	11	120570404	C	G	0.0255 	0.0070 	0.075412	0.202874	502	432
rs2282824	6	15478095	G	A	0.0255 	0.0071 	0.099014	0.349862	504	434
rs6975369	7	103589191	C	T	0.0255 	0.0070 	0.117394	0.491782	504	432
rs2252364	10	10460857	C	T	0.0255 	0.0071 	0.104416	0.389036	502	432
rs448038	5	9413495	A	C	0.0255 	0.0070 	0.105926	0.400707	504	434
rs17011496	3	2311251	A	T	0.0255 	0.0070 	0.062295	0.138659	500	434
rs1241901	14	84144679	A	C	0.0255 	0.0070 	0.112586	0.453118	502	432
rs2203543	12	73617280	T	C	0.0255 	0.0072 	0.084325	0.254402	504	432
rs641967	18	32665311	G	A	0.0254 	0.0070 	0.11796	0.498343	504	434
rs11151039	18	75082405	T	G	0.0254 	0.0070 	0.11796	0.498343	504	434
rs9320598	6	98019080	A	G	0.0254 	0.0070 	0.118108	0.499553	502	434
rs8087931	18	41613943	C	A	0.0254 	0.0070 	0.117521	0.494718	500	434
rs4925210	20	60515275	T	C	0.0254 	0.0071 	0.09037	0.292776	500	432
rs2001754	11	111125512	G	A	0.0254 	0.0069 	0.093766	0.315365	504	434
rs7323874	13	104106360	T	C	0.0254 	0.0070 	0.0499232	0.0894158	504	434
rs4746939	10	71716639	C	T	0.0254 	0.0071 	0.099814	0.357243	502	430
rs7220041	17	69263160	A	G	0.0254 	0.0070 	0.115591	0.479485	504	434
rs10101821	8	88590643	C	T	0.0254 	0.0071 	0.094837	0.322572	500	430
rs12505837	4	78333381	G	A	0.0254 	0.0069 	0.094086	0.317947	504	434
rs17701834	19	22121458	T	G	0.0254 	0.0069 	0.075013	0.20212	504	434
rs11582977	1	245358659	C	T	0.0254 	0.0069 	0.104327	0.390979	504	434
rs13425924	2	180151555	A	G	0.0253 	0.0069 	0.070789	0.180341	504	434
rs2952271	17	66529779	G	A	0.0253 	0.0069 	0.0707887	0.180341	504	434
rs9652450	15	48792444	A	G	0.0253 	0.0070 	0.112765	0.457776	504	432
rs7590649	2	205134612	C	T	0.0253 	0.0070 	0.105863	0.403537	504	434
rs4246627	2	173239058	G	A	0.0253 	0.0072 	0.076421	0.210292	504	434
rs11163422	1	82566070	A	T	0.0253 	0.0069 	0.103366	0.384923	504	434
rs11787342	8	47788120	G	T	0.0253 	0.0069 	0.109383	0.431179	504	434
rs11151438	18	65995883	C	T	0.0253 	0.0071 	0.09767	0.343963	504	434
rs8112449	19	10520064	G	A	0.0253 	0.0070 	0.117704	0.499673	504	434
rs12218761	10	119644686	A	G	0.0252 	0.0089 	0.025346	0.0231795	504	434
rs2362852	3	55807071	C	T	0.0252 	0.0069 	0.111879	0.452208	504	434
rs4421828	12	12689096	C	G	0.0252 	0.0069 	0.114843	0.476512	502	430
rs967094	1	38727571	A	G	0.0252 	0.0070 	0.116249	0.488443	500	434
rs9361866	6	82592568	T	G	0.0252 	0.0069 	0.101766	0.374466	504	434
rs4680868	3	27829161	G	C	0.0252 	0.0069 	0.0801968	0.232568	504	434
rs2088741	16	59686109	A	G	0.0252 	0.0070 	0.101022	0.369042	502	432
rs1972944	8	80605519	A	G	0.0252 	0.0069 	0.0753328	0.205402	504	434
rs10515077	5	67613801	A	C	0.0252 	0.0071 	0.088197	0.281552	504	434
rs9546667	13	84957873	C	A	0.0252 	0.0071 	0.088197	0.281552	504	434
rs16832404	2	191053129	T	C	0.0251 	0.0070 	0.102791	0.382868	504	434
rs10814496	9	36975108	C	T	0.0251 	0.0070 	0.102791	0.382868	504	434
rs9350825	6	80439972	C	A	0.0251 	0.0069 	0.115464	0.483116	502	434
rs10241713	7	142142903	T	C	0.0251 	0.0071 	0.0386509	0.0541247	502	432
rs4495125	5	63709131	C	T	0.0251 	0.0074 	0.057028	0.117887	504	434
rs17112636	14	27841290	T	G	0.0251 	0.0074 	0.057028	0.117887	504	434
rs4270576	4	27254355	G	A	0.0251 	0.0069 	0.112352	0.457413	500	432
rs12675397	8	139395920	C	T	0.0251 	0.0070 	0.101766	0.375533	504	434
rs7949494	11	19599605	G	A	0.0251 	0.0074 	0.0557035	0.112499	502	434
rs4953042	2	44201376	T	C	0.0251 	0.0069 	0.117384	0.499773	504	434
rs17193516	21	39368325	T	C	0.0251 	0.0069 	0.10963	0.435786	500	432
rs7908727	10	85712039	T	C	0.0251 	0.0070 	0.108038	0.42355	502	434
rs12621280	2	232132984	C	G	0.0251 	0.0071 	0.087123	0.275392	502	432
rs9657904	3	105586714	T	C	0.0251 	0.0069 	0.117078	0.49735	500	434
rs17076919	5	173605878	A	G	0.0251 	0.0070 	0.0469	0.0798606	502	434
rs2253755	10	124241557	A	G	0.0251 	0.0069 	0.114632	0.477269	504	434
rs10984591	9	122297744	G	A	0.0251 	0.0069 	0.113987	0.471873	502	434
rs17111440	1	85021277	T	G	0.0250 	0.0068 	0.078507	0.223945	500	434
rs4489074	5	42579006	C	T	0.0250 	0.0068 	0.080518	0.235678	504	434
rs2287505	2	207947086	G	T	0.0250 	0.0070 	0.092934	0.314067	504	434
rs7772349	6	1290093	T	A	0.0250 	0.0069 	0.117246	0.499854	502	434
rs1564933	2	141340626	C	A	0.0250 	0.0069 	0.116936	0.497525	504	434
rs9980781	21	25265711	A	G	0.0250 	0.0069 	0.056452	0.11602	504	434
