256	NM_004113	chr3	-	192139392	192727599	192144008	192727193	6	192139392,192170457,192335360,192360427,192727180,192727483,	192144127,192170656,192335464,192360538,192727323,192727599,	0	FGF12	cmpl	cmpl	1,0,1,1,0,-1,
256	NM_021032	chr3	-	192139392	192409049	192144008	192408223	5	192139392,192170457,192335360,192360427,192408024,	192144127,192170656,192335464,192360538,192409049,	0	FGF12	cmpl	cmpl	1,0,1,1,0,
256	NR_046596	chr3	+	192238629	192283095	192283095	192283095	5	192238629,192265246,192267002,192282796,192282997,	192238684,192265416,192267139,192282914,192283095,	0	FGF12-AS1	unk	unk	-1,-1,-1,-1,-1,
2053	NR_046598	chr3	+	192515021	192516573	192516573	192516573	2	192515021,192516480,	192515508,192516573,	0	FGF12-AS2	unk	unk	-1,-1,
592	NM_021923	chr4	+	1012463	1026898	1012485	1025347	6	1012463,1022202,1023640,1023816,1024310,1024904,	1012564,1022475,1023721,1024101,1024664,1026898,	0	FGFRL1	cmpl	cmpl	0,1,1,1,1,1,
592	NM_001004358	chr4	+	1011971	1026898	1012485	1025347	7	1011971,1012469,1022202,1023640,1023816,1024310,1024904,	1011987,1012564,1022475,1023721,1024101,1024664,1026898,	0	FGFRL1	cmpl	cmpl	-1,0,1,1,1,1,1,
592	NM_001004356	chr4	+	1011821	1026898	1012485	1025347	7	1011821,1012469,1022202,1023640,1023816,1024310,1024904,	1011954,1012564,1022475,1023721,1024101,1024664,1026898,	0	FGFRL1	cmpl	cmpl	-1,0,1,1,1,1,1,
598	NM_001354810	chr4	+	1793311	1808872	1793934	1807288	17	1793311,1793832,1799253,1799746,1801366,1801619,1801834,1803691,1804329,1804820,1805354,1805558,1805749,1806050,1806545,1806828,1807115,	1793465,1794043,1799523,1799812,1801536,1801743,1802025,1803836,1804520,1804969,1805476,1805669,1805940,1806173,1806683,1806934,1808872,	0	FGFR3	cmpl	cmpl	-1,0,1,1,1,0,1,0,1,0,2,1,1,0,0,0,1,
598	NM_000142	chr4	+	1793311	1808872	1793934	1807262	18	1793311,1793832,1799253,1799746,1801366,1801619,1801834,1803691,1804329,1804823,1805354,1805558,1805749,1806050,1806256,1806545,1806828,1807115,	1793465,1794043,1799523,1799812,1801536,1801743,1802025,1803836,1804520,1804969,1805476,1805669,1805940,1806173,1806327,1806683,1806934,1808872,	0	FGFR3	cmpl	cmpl	-1,0,1,1,1,0,1,0,1,0,2,1,1,0,0,2,2,0,
598	NM_001354809	chr4	+	1793311	1808872	1793934	1807262	18	1793311,1793832,1799253,1799746,1801366,1801619,1801834,1803691,1804329,1804820,1805354,1805558,1805749,1806050,1806256,1806545,1806828,1807115,	1793465,1794043,1799523,1799812,1801536,1801743,1802025,1803836,1804520,1804969,1805476,1805669,1805940,1806173,1806327,1806683,1806934,1808872,	0	FGFR3	cmpl	cmpl	-1,0,1,1,1,0,1,0,1,0,2,1,1,0,0,2,2,0,
598	NM_022965	chr4	+	1793311	1808872	1793934	1807262	16	1793311,1793832,1799253,1799746,1801366,1801619,1801834,1804823,1805354,1805558,1805749,1806050,1806256,1806545,1806828,1807115,	1793465,1794043,1799523,1799812,1801536,1801743,1802025,1804969,1805476,1805669,1805940,1806173,1806327,1806683,1806934,1808872,	0	FGFR3	cmpl	cmpl	-1,0,1,1,1,0,1,0,2,1,1,0,0,2,2,0,
598	NM_001163213	chr4	+	1793311	1808872	1793934	1807262	18	1793311,1793832,1799253,1799746,1801366,1801619,1801834,1802913,1804329,1804823,1805354,1805558,1805749,1806050,1806256,1806545,1806828,1807115,	1793465,1794043,1799523,1799812,1801536,1801743,1802025,1803064,1804520,1804969,1805476,1805669,1805940,1806173,1806327,1806683,1806934,1808872,	0	FGFR3	cmpl	cmpl	-1,0,1,1,1,0,1,0,1,0,2,1,1,0,0,2,2,0,
598	NR_148971	chr4	+	1793311	1808872	1808872	1808872	19	1793311,1793832,1799253,1799746,1801366,1801619,1801834,1802913,1803691,1804329,1804823,1805354,1805558,1805749,1806050,1806256,1806545,1806828,1807115,	1793465,1794043,1799523,1799812,1801536,1801743,1802025,1803064,1803836,1804520,1804969,1805476,1805669,1805940,1806173,1806327,1806683,1806934,1808872,	0	FGFR3	unk	unk	-1,-1,-1,-1,-1,-1,-1,-1,-1,-1,-1,-1,-1,-1,-1,-1,-1,-1,-1,
706	NM_031950	chr4	-	15960239	15963236	15962457	15963129	2	15960239,15962437,	15960611,15963236,	0	FGFBP2	cmpl	cmpl	-1,0,
706	NM_005130	chr4	-	15935569	15938740	15935927	15936632	3	15935569,15938250,15938686,	15936652,15938471,15938740,	0	FGFBP1	cmpl	cmpl	0,-1,-1,
1197	NM_033143	chr4	+	80266587	80291017	80266824	80286341	2	80266587,80286324,	80267179,80291017,	0	FGF5	cmpl	cmpl	0,1,
1197	NM_001291812	chr4	+	80268264	80291017	80274982	80286672	3	80268264,80274908,80286324,	80268568,80275012,80291017,	0	FGF5	cmpl	cmpl	-1,0,0,
1197	NM_004464	chr4	+	80266587	80291017	80266824	80286672	3	80266587,80274908,80286324,	80267179,80275012,80291017,	0	FGF5	cmpl	cmpl	0,1,0,
1522	NM_002006	chr4	+	122826707	122898235	122826775	122892396	3	122826707,122876320,122892210,	122827352,122876424,122898235,	0	FGF2	cmpl	cmpl	0,1,0,
3	NM_001257210	chr5	-	142592177	142644301	142595289	142614127	4	142592177,142600701,142613958,142644112,	142595484,142600805,142614161,142644301,	0	FGF1	cmpl	cmpl	0,1,0,-1,
3	NM_001144934	chr5	-	142592177	142698070	142595289	142614127	5	142592177,142600701,142613958,142697621,142697912,	142595484,142600805,142614161,142697715,142698070,	0	FGF1	cmpl	cmpl	0,1,0,-1,-1,
3	NM_001257206	chr5	-	142592177	142698070	142595289	142614127	4	142592177,142600701,142613958,142697621,	142595481,142600805,142614161,142698070,	0	FGF1	cmpl	cmpl	0,1,0,-1,
3	NM_001354964	chr5	-	142592177	142698070	142595470	142614127	4	142592177,142613958,142697621,142697912,	142595484,142614161,142697715,142698070,	0	FGF1	cmpl	cmpl	1,0,-1,-1,
3	NM_001354955	chr5	-	142592177	142698070	142595289	142614127	5	142592177,142600701,142613958,142685956,142697621,	142595484,142600805,142614161,142686088,142698070,	0	FGF1	cmpl	cmpl	0,1,0,-1,-1,
3	NM_001354963	chr5	-	142592177	142698070	142595470	142614127	4	142592177,142613958,142691499,142697621,	142595484,142614161,142691629,142698070,	0	FGF1	cmpl	cmpl	1,0,-1,-1,
3	NM_001257208	chr5	-	142592177	142685703	142595289	142614127	4	142592177,142600701,142613958,142685513,	142595484,142600805,142614161,142685703,	0	FGF1	cmpl	cmpl	0,1,0,-1,
3	NM_001354953	chr5	-	142592177	142698070	142595289	142614127	6	142592177,142600701,142613958,142685956,142697621,142697912,	142595484,142600805,142614161,142686088,142697712,142698070,	0	FGF1	cmpl	cmpl	0,1,0,-1,-1,-1,
3	NM_001257207	chr5	-	142592177	142686495	142595289	142614127	5	142592177,142600701,142613958,142685956,142686435,	142595484,142600805,142614161,142686088,142686495,	0	FGF1	cmpl	cmpl	0,1,0,-1,-1,
3	NM_001257212	chr5	-	142592177	142621355	142595289	142614127	4	142592177,142600701,142613958,142621296,	142595481,142600805,142614161,142621355,	0	FGF1	cmpl	cmpl	0,1,0,-1,
3	NM_001257211	chr5	-	142592177	142685703	142595289	142614127	4	142592177,142600701,142613958,142685513,	142595481,142600805,142614161,142685703,	0	FGF1	cmpl	cmpl	0,1,0,-1,
3	NM_001354962	chr5	-	142592177	142698070	142595470	142614127	3	142592177,142613958,142697912,	142595484,142614161,142698070,	0	FGF1	cmpl	cmpl	1,0,-1,
3	NM_001354954	chr5	-	142592177	142698070	142595289	142614127	5	142592177,142600701,142613958,142691499,142697621,	142595484,142600805,142614161,142691629,142698070,	0	FGF1	cmpl	cmpl	0,1,0,-1,-1,
3	NM_001144935	chr5	-	142592177	142698070	142595289	142614127	4	142592177,142600701,142613958,142697912,	142595484,142600805,142614161,142698070,	0	FGF1	cmpl	cmpl	0,1,0,-1,
3	NM_001354961	chr5	-	142592177	142698070	142595470	142614127	5	142592177,142613958,142691499,142697621,142697912,	142595484,142614161,142691629,142697715,142698070,	0	FGF1	cmpl	cmpl	1,0,-1,-1,-1,
3	NM_001354959	chr5	-	142592177	142698070	142595470	142614127	3	142592177,142613958,142697621,	142595484,142614161,142698070,	0	FGF1	cmpl	cmpl	1,0,-1,
3	NM_033137	chr5	-	142592177	142698070	142595470	142614127	3	142592177,142613958,142697912,	142595481,142614161,142698070,	0	FGF1	cmpl	cmpl	1,0,-1,
3	NM_033136	chr5	-	142592177	142686495	142595470	142614127	3	142592177,142613958,142685956,	142595484,142614161,142686495,	0	FGF1	cmpl	cmpl	1,0,-1,
3	NM_001354958	chr5	-	142592177	142698070	142595289	142614127	5	142592177,142600701,142613958,142697621,142697912,	142595481,142600805,142614161,142697715,142698070,	0	FGF1	cmpl	cmpl	0,1,0,-1,-1,
3	NM_001354957	chr5	-	142592177	142698070	142595289	142614127	6	142592177,142600701,142613958,142691499,142697621,142697912,	142595481,142600805,142614161,142691629,142697712,142698070,	0	FGF1	cmpl	cmpl	0,1,0,-1,-1,-1,
3	NM_001354956	chr5	-	142592177	142685703	142595289	142614127	5	142592177,142600701,142613958,142683695,142685513,	142595484,142600805,142614161,142683814,142685703,	0	FGF1	cmpl	cmpl	0,1,0,-1,-1,
3	NM_001354952	chr5	-	142592177	142698070	142595289	142614127	5	142592177,142600701,142613958,142697621,142697912,	142595484,142600805,142614161,142697712,142698070,	0	FGF1	cmpl	cmpl	0,1,0,-1,-1,
3	NM_001144892	chr5	-	142592177	142621355	142595289	142614127	4	142592177,142600701,142613958,142621296,	142595484,142600805,142614161,142621355,	0	FGF1	cmpl	cmpl	0,1,0,-1,
3	NM_001354951	chr5	-	142592177	142698070	142595289	142614127	6	142592177,142600701,142613958,142685956,142697621,142697912,	142595484,142600805,142614161,142686088,142697715,142698070,	0	FGF1	cmpl	cmpl	0,1,0,-1,-1,-1,
3	NM_001257209	chr5	-	142592177	142685703	142595289	142614127	4	142592177,142600701,142613958,142685498,	142595484,142600805,142614161,142685703,	0	FGF1	cmpl	cmpl	0,1,0,-1,
3	NM_001257205	chr5	-	142592177	142698070	142595289	142614127	4	142592177,142600701,142613958,142697621,	142595484,142600805,142614161,142698070,	0	FGF1	cmpl	cmpl	0,1,0,-1,
3	NM_000800	chr5	-	142592177	142686495	142595289	142614127	4	142592177,142600701,142613958,142685956,	142595484,142600805,142614161,142686495,	0	FGF1	cmpl	cmpl	0,1,0,-1,
236	NM_003862	chr5	+	171419662	171457626	171420199	171456805	5	171419662,171420406,171436092,171449146,171456538,	171420231,171420443,171436273,171449253,171457626,	0	FGF18	cmpl	cmpl	0,2,0,1,0,
923	NR_108034	chr5	+	44388731	44413989	44413989	44413989	3	44388731,44395236,44412390,	44388913,44395349,44413989,	0	FGF10-AS1	unk	unk	-1,-1,-1,
923	NM_004465	chr5	-	44304994	44388682	44304994	44388682	3	44304994,44310426,44388357,	44305192,44310530,44388682,	0	FGF10	cmpl	cmpl	0,1,0,
1936	NM_022963	chr5	+	177089549	177098142	177089602	177097676	16	177089549,177090389,177090744,177090937,177091684,177092320,177092645,177093331,177093653,177095329,177095532,177096056,177096286,177096603,177097291,177097526,	177089693,177090653,177090825,177091104,177091808,177092511,177092784,177093551,177093775,177095440,177095723,177096179,177096357,177096741,177097397,177098142,	0	FGFR4	cmpl	cmpl	0,1,1,1,0,1,0,1,2,1,1,0,0,2,2,0,
1936	NM_002011	chr5	+	177086871	177098142	177089602	177097676	18	177086871,177089549,177090389,177090744,177090937,177091684,177092320,177092645,177093137,177093405,177093653,177095329,177095532,177096056,177096286,177096603,177097291,177097526,	177087033,177089693,177090653,177090825,177091104,177091808,177092511,177092784,177093331,177093551,177093775,177095440,177095723,177096179,177096357,177096741,177097397,177098142,	0	FGFR4	cmpl	cmpl	-1,0,1,1,1,0,1,0,1,0,2,1,1,0,0,2,2,0,
1936	NM_001354984	chr5	+	177086871	177098142	177089602	177097676	18	177086871,177089549,177090389,177090744,177090937,177091684,177092320,177092645,177093137,177093405,177093653,177095329,177095532,177096056,177096286,177096603,177097291,177097526,	177087018,177089693,177090653,177090825,177091104,177091808,177092511,177092784,177093331,177093551,177093775,177095440,177095723,177096179,177096357,177096741,177097397,177098142,	0	FGFR4	cmpl	cmpl	-1,0,1,1,1,0,1,0,1,0,2,1,1,0,0,2,2,0,
1936	NM_001291980	chr5	+	177086871	177098142	177089602	177097676	18	177086871,177089549,177090389,177090744,177090937,177091684,177092320,177092645,177093137,177093405,177093653,177095329,177095532,177096056,177096286,177096603,177097291,177097526,	177087033,177089693,177090653,177090825,177091104,177091808,177092511,177092784,177093177,177093501,177093775,177095440,177095723,177096179,177096357,177096741,177097397,177098142,	0	FGFR4	cmpl	cmpl	-1,0,1,1,1,0,1,0,1,2,2,1,1,0,0,2,2,0,
1936	NM_213647	chr5	+	177086871	177098142	177089602	177097676	18	177086871,177089549,177090389,177090744,177090937,177091684,177092320,177092645,177093137,177093405,177093653,177095329,177095532,177096056,177096286,177096603,177097291,177097526,	177087077,177089693,177090653,177090825,177091104,177091808,177092511,177092784,177093331,177093551,177093775,177095440,177095723,177096179,177096357,177096741,177097397,177098142,	0	FGFR4	cmpl	cmpl	-1,0,1,1,1,0,1,0,1,0,2,1,1,0,0,2,2,0,
1859	NM_001278690	chr6	+	166999316	167042418	166999412	167040119	11	166999316,167000059,167003192,167003722,167004263,167022408,167024781,167026546,167032602,167033874,167040047,	166999514,167000113,167003247,167003811,167004401,167022635,167024894,167026615,167032642,167033971,167042418,	0	FGFR1OP	cmpl	cmpl	0,0,0,1,0,0,2,1,1,2,0,
1859	NM_007045	chr6	+	166999316	167042418	166999412	167039978	13	166999316,167000059,167003192,167003722,167004263,167010812,167013507,167022408,167024781,167026546,167032602,167033874,167039903,	166999514,167000113,167003247,167003811,167004401,167010893,167013567,167022635,167024894,167026615,167032642,167033971,167042418,	0	FGFR1OP	cmpl	cmpl	0,0,0,1,0,0,0,0,2,1,1,2,0,
1859	NM_194429	chr6	+	166999316	167042418	166999412	167039978	12	166999316,167000059,167003192,167003722,167004263,167010812,167022408,167024781,167026546,167032602,167033874,167039903,	166999514,167000113,167003247,167003811,167004401,167010893,167022635,167024894,167026615,167032642,167033971,167042418,	0	FGFR1OP	cmpl	cmpl	0,0,0,1,0,0,0,2,1,1,2,0,
714	NM_019851	chr8	-	16992824	17002165	16993071	17002032	3	16992824,16995654,17001746,	16993317,16995758,17002165,	0	FGF20	cmpl	cmpl	0,1,0,
753	NM_003867	chr8	+	22042752	22048808	22042928	22048249	5	22042752,22043144,22046113,22046526,22047955,	22042963,22043181,22046291,22046633,22048808,	0	FGF17	cmpl	cmpl	0,2,0,1,0,
753	NM_001304478	chr8	+	22042752	22048808	22042928	22048249	5	22042752,22043144,22046146,22046526,22047955,	22042963,22043181,22046291,22046633,22048808,	0	FGF17	cmpl	cmpl	0,2,0,1,0,
878	NM_023110	chr8	-	38411137	38468834	38413627	38457446	18	38411137,38413917,38414151,38414558,38414778,38415869,38417305,38417869,38418227,38419532,38421796,38424508,38426121,38427920,38428345,38429681,38457355,38467980,	38413804,38414023,38414289,38414629,38414901,38416060,38417416,38417991,38418373,38419735,38421941,38424699,38426245,38428093,38428435,38429948,38457534,38468834,	0	FGFR1	cmpl	cmpl	0,2,2,0,0,1,1,2,0,1,0,1,0,1,1,1,0,-1,
878	NM_023106	chr8	-	38411137	38468834	38413627	38457446	17	38411137,38413917,38414151,38414558,38414778,38415869,38417305,38417869,38418227,38419532,38421796,38424508,38426121,38427920,38428351,38457355,38467980,	38413804,38414023,38414289,38414629,38414901,38416060,38417416,38417991,38418373,38419735,38421941,38424699,38426245,38428093,38428435,38457534,38468834,	0	FGFR1	cmpl	cmpl	0,2,2,0,0,1,1,2,0,1,0,1,0,1,1,0,-1,
878	NM_001354370	chr8	-	38411137	38468834	38412388	38457446	17	38411137,38413917,38414151,38414558,38414778,38415869,38417305,38417869,38418227,38419532,38421796,38424508,38426121,38427920,38428351,38457355,38467980,	38412595,38414023,38414289,38414629,38414901,38416060,38417416,38417991,38418373,38419735,38421941,38424699,38426245,38428093,38428435,38457534,38468834,	0	FGFR1	cmpl	cmpl	0,2,2,0,0,1,1,2,0,1,0,1,0,1,1,0,-1,
878	NM_015850	chr8	-	38411137	38468834	38413627	38457446	18	38411137,38413917,38414151,38414558,38414778,38415869,38417305,38417869,38418227,38419532,38421796,38424508,38426121,38427920,38428351,38429681,38457355,38467980,	38413804,38414023,38414289,38414629,38414901,38416060,38417416,38417991,38418373,38419735,38421941,38424699,38426245,38428093,38428435,38429948,38457534,38468834,	0	FGFR1	cmpl	cmpl	0,2,2,0,0,1,1,2,0,1,0,1,0,1,1,1,0,-1,
878	NM_001174064	chr8	-	38411137	38468834	38413627	38440372	19	38411137,38413917,38414151,38414558,38414778,38415869,38417305,38417869,38418227,38419538,38421796,38424508,38426121,38427920,38428345,38429681,38440305,38457355,38467980,	38413804,38414023,38414289,38414629,38414901,38416060,38417416,38417991,38418373,38419735,38421941,38424699,38426245,38428093,38428435,38429948,38440373,38457534,38468834,	0	FGFR1	cmpl	cmpl	0,2,2,0,0,1,1,2,0,1,0,1,0,1,1,1,0,-1,-1,
878	NM_001174063	chr8	-	38411137	38468834	38413627	38457446	18	38411137,38413917,38414151,38414558,38414778,38415869,38417305,38417869,38418227,38419538,38421796,38424508,38426121,38427920,38428345,38429681,38457355,38467980,	38413804,38414023,38414289,38414629,38414901,38416060,38417416,38417991,38418373,38419735,38421941,38424699,38426245,38428093,38428435,38429948,38457534,38468834,	0	FGFR1	cmpl	cmpl	0,2,2,0,0,1,1,2,0,1,0,1,0,1,1,1,0,-1,
878	NM_001174067	chr8	-	38411137	38467845	38413627	38461106	19	38411137,38413917,38414151,38414558,38414778,38415869,38417305,38417869,38418227,38419532,38421796,38424508,38426121,38427920,38428351,38429681,38457355,38461095,38467671,	38413804,38414023,38414289,38414629,38414901,38416060,38417416,38417991,38418373,38419735,38421941,38424699,38426245,38428093,38428435,38429948,38457534,38461255,38467845,	0	FGFR1	cmpl	cmpl	0,2,2,0,0,1,1,2,0,1,0,1,0,1,1,1,2,0,-1,
878	NM_001174066	chr8	-	38411137	38467845	38413627	38457446	17	38411137,38413917,38414151,38414558,38414778,38415869,38417305,38417869,38418227,38419532,38421796,38424508,38426121,38427920,38428345,38457355,38467671,	38413804,38414023,38414289,38414629,38414901,38416060,38417416,38417991,38418373,38419735,38421941,38424699,38426245,38428093,38428435,38457534,38467845,	0	FGFR1	cmpl	cmpl	0,2,2,0,0,1,1,2,0,1,0,1,0,1,1,0,-1,
878	NM_001174065	chr8	-	38411137	38467845	38413627	38457446	18	38411137,38413917,38414151,38414558,38414778,38415869,38417305,38417869,38418227,38419532,38421796,38424508,38426121,38427920,38428351,38429681,38457355,38467671,	38413804,38414023,38414289,38414629,38414901,38416060,38417416,38417991,38418373,38419735,38421941,38424699,38426245,38428093,38428435,38429948,38457534,38467845,	0	FGFR1	cmpl	cmpl	0,2,2,0,0,1,1,2,0,1,0,1,0,1,1,1,0,-1,
878	NM_001354368	chr8	-	38411137	38468834	38413627	38457446	17	38411137,38413917,38414151,38414558,38414778,38415869,38417305,38417869,38418227,38419538,38421796,38424508,38426121,38427920,38428351,38457355,38467980,	38413804,38414023,38414289,38414629,38414901,38416060,38417416,38417991,38418373,38419735,38421941,38424699,38426245,38428093,38428435,38457534,38468834,	0	FGFR1	cmpl	cmpl	0,2,2,0,0,1,1,2,0,1,0,1,0,1,1,0,-1,
878	NM_001354369	chr8	-	38411137	38467845	38412388	38457446	18	38411137,38413917,38414151,38414558,38414778,38415869,38417305,38417869,38418227,38419538,38421796,38424508,38426121,38427920,38428351,38429681,38457355,38467671,	38412595,38414023,38414289,38414629,38414901,38416060,38417416,38417991,38418373,38419735,38421941,38424699,38426245,38428093,38428435,38429948,38457534,38467845,	0	FGFR1	cmpl	cmpl	0,2,2,0,0,1,1,2,0,1,0,1,0,1,1,1,0,-1,
878	NM_001354367	chr8	-	38411137	38468834	38412388	38457446	18	38411137,38413917,38414151,38414558,38414778,38415869,38417305,38417869,38418227,38419532,38421796,38424508,38426121,38427920,38428351,38429681,38457355,38467980,	38412595,38414023,38414289,38414629,38414901,38416060,38417416,38417991,38418373,38419735,38421941,38424699,38426245,38428093,38428435,38429948,38457534,38468834,	0	FGFR1	cmpl	cmpl	0,2,2,0,0,1,1,2,0,1,0,1,0,1,1,1,0,-1,
878	NM_023105	chr8	-	38411137	38468834	38413627	38457446	17	38411137,38413917,38414151,38414558,38414778,38415869,38417305,38417869,38418227,38419532,38421796,38424508,38426121,38427920,38428345,38457355,38467980,	38413804,38414023,38414289,38414629,38414901,38416060,38417416,38417991,38418373,38419735,38421941,38424699,38426245,38428093,38428435,38457534,38468834,	0	FGFR1	cmpl	cmpl	0,2,2,0,0,1,1,2,0,1,0,1,0,1,1,0,-1,
13	NR_003670	chr9	-	39813783	39874566	39874566	39874566	3	39813783,39818820,39873909,	39817729,39818924,39874566,	0	FGF7P3	unk	unk	-1,-1,-1,
132	NR_003674	chr9	+	62376255	62435519	62435519	62435519	3	62376255,62432875,62434066,	62376813,62432979,62435519,	0	FGF7P6	unk	unk	-1,-1,-1,
132	NR_047527	chr9	+	62376255	62435519	62435519	62435519	4	62376255,62386773,62432875,62434066,	62376813,62386883,62432979,62435519,	0	FGF7P6	unk	unk	-1,-1,-1,-1,
205	NM_033642	chrX	-	138631572	138739353	138632849	138739269	5	138631572,138635456,138702983,138708817,138739241,	138632986,138635655,138703087,138708928,138739353,	0	FGF13	cmpl	cmpl	1,0,1,1,0,
205	NM_001139501	chrX	-	138631572	139205023	138632849	138857641	8	138631572,138635456,138702983,138708817,138857511,138990507,139204058,139204920,	138632986,138635655,138703087,138708928,138857679,138990617,139204271,139205023,	0	FGF13	cmpl	cmpl	1,0,1,1,0,-1,-1,-1,
205	NM_001139498	chrX	-	138631572	139205023	138632849	139204107	6	138631572,138635456,138702983,138708817,139204058,139204920,	138632986,138635655,138703087,138708928,139204271,139205023,	0	FGF13	cmpl	cmpl	1,0,1,1,0,-1,
205	NM_001139502	chrX	-	138631572	138867555	138632849	138857641	6	138631572,138635456,138702983,138708817,138857511,138867486,	138632986,138635655,138703087,138708928,138857679,138867555,	0	FGF13	cmpl	cmpl	1,0,1,1,0,-1,
205	NM_004114	chrX	-	138631572	138711665	138632849	138711003	5	138631572,138635456,138702983,138708817,138710816,	138632986,138635655,138703087,138708928,138711665,	0	FGF13	cmpl	cmpl	1,0,1,1,0,
205	NM_001139500	chrX	-	138631572	139205023	138632849	139204107	7	138631572,138635456,138702983,138708817,138857511,139204058,139204920,	138632986,138635655,138703087,138708928,138857679,139204271,139205023,	0	FGF13	cmpl	cmpl	1,0,1,1,1,0,-1,
1175	NM_003868	chrX	+	77447674	77456522	77447674	77456522	3	77447674,77454156,77456276,	77447948,77454260,77456522,	0	FGF16	cmpl	cmpl	0,1,0,
1643	NR_038405	chrX	+	138712106	138716601	138716601	138716601	3	138712106,138714723,138715890,	138712142,138714809,138716601,	0	FGF13-AS1	unk	unk	-1,-1,-1,
188	NM_001320654	chr10	-	121478329	121531314	121479856	121526752	17	121478329,121483697,121485394,121487353,121487990,121496531,121498494,121500825,121503789,121515116,121517318,121519978,121526154,121526728,121527675,121530321,121531266,	121480021,121483803,121485532,121487424,121488113,121496722,121498605,121500947,121503941,121515319,121517463,121520169,121526194,121526954,121528003,121530458,121531314,	0	FGFR2	cmpl	cmpl	0,2,2,0,0,1,1,2,0,1,0,1,0,0,-1,-1,-1,
188	NM_000141	chr10	-	121478329	121598458	121479856	121593817	18	121478329,121483697,121485394,121487353,121487990,121496531,121498494,121500825,121503789,121515116,121517318,121519978,121538591,121551289,121564501,121565437,121593708,121597961,	121480021,121483803,121485532,121487424,121488113,121496722,121498605,121500947,121503941,121515319,121517463,121520169,121538715,121551459,121564579,121565704,121593967,121598458,	0	FGFR2	cmpl	cmpl	0,2,2,0,0,1,1,2,0,1,0,1,0,1,1,1,0,-1,
188	NM_022970	chr10	-	121478329	121598458	121479856	121593817	18	121478329,121483697,121485394,121487353,121487990,121496531,121498494,121500825,121503789,121515116,121518681,121519978,121538591,121551289,121564501,121565437,121593708,121597961,	121480021,121483803,121485532,121487424,121488113,121496722,121498605,121500947,121503941,121515319,121518829,121520169,121538715,121551459,121564579,121565704,121593967,121598458,	0	FGFR2	cmpl	cmpl	0,2,2,0,0,1,1,2,0,1,0,1,0,1,1,1,0,-1,
188	NM_001144913	chr10	-	121481852	121593967	121482171	121593817	17	121481852,121483697,121485394,121487353,121487990,121496531,121498494,121500825,121503789,121515116,121518681,121519978,121538591,121551289,121564501,121565437,121593708,	121482177,121483803,121485532,121487424,121488113,121496722,121498605,121500947,121503941,121515319,121518829,121520169,121538715,121551459,121564579,121565704,121593967,	0	FGFR2	cmpl	cmpl	0,2,2,0,0,1,1,2,0,1,0,1,0,1,1,1,0,
188	NM_001144914	chr10	-	121478329	121593967	121479856	121593817	15	121478329,121483697,121485394,121487353,121487990,121496531,121498494,121500825,121503789,121515116,121538591,121551289,121564501,121565437,121593708,	121480021,121483803,121485532,121487424,121488113,121496722,121498605,121500947,121503941,121515319,121538715,121551459,121564579,121565704,121593967,	0	FGFR2	cmpl	cmpl	0,2,2,0,0,1,1,2,0,1,0,1,1,1,0,
188	NR_073009	chr10	-	121478329	121598458	121598458	121598458	17	121478329,121483697,121485394,121487353,121487990,121496531,121498494,121500825,121503789,121515116,121517318,121518681,121519978,121538591,121551289,121593708,121597961,	121480021,121483803,121485532,121487424,121488113,121496722,121498605,121500947,121503941,121515319,121517463,121518829,121520169,121538715,121551459,121593967,121598458,	0	FGFR2	unk	unk	-1,-1,-1,-1,-1,-1,-1,-1,-1,-1,-1,-1,-1,-1,-1,-1,-1,
188	NM_001144917	chr10	-	121478329	121598458	121479856	121593817	16	121478329,121483697,121485394,121487353,121487990,121496531,121498494,121500825,121503789,121519978,121538591,121551289,121564501,121565437,121593708,121597961,	121480021,121483803,121485532,121487424,121488113,121496722,121498605,121500947,121503941,121520169,121538715,121551459,121564579,121565704,121593967,121598458,	0	FGFR2	cmpl	cmpl	0,2,2,0,0,1,1,2,0,1,0,1,1,1,0,-1,
188	NM_023029	chr10	-	121478329	121593967	121479856	121593817	16	121478329,121483697,121485394,121487353,121487990,121496531,121498494,121500825,121503789,121515116,121517318,121519978,121538591,121551289,121564501,121593708,	121480021,121483803,121485532,121487424,121488113,121496722,121498605,121500947,121503941,121515319,121517463,121520169,121538715,121551459,121564579,121593967,	0	FGFR2	cmpl	cmpl	0,2,2,0,0,1,1,2,0,1,0,1,0,1,1,0,
188	NM_001144916	chr10	-	121478329	121594258	121479856	121593817	15	121478329,121483697,121485394,121487353,121487990,121496531,121498494,121500825,121503789,121515116,121517318,121519978,121538591,121551289,121593708,	121480021,121483803,121485532,121487424,121488113,121496722,121498605,121500947,121503941,121515319,121517463,121520169,121538715,121551459,121594258,	0	FGFR2	cmpl	cmpl	0,2,2,0,0,1,1,2,0,1,0,1,0,1,0,
188	NM_001144915	chr10	-	121478329	121596645	121479580	121593817	17	121478329,121483697,121485394,121487353,121487990,121496531,121498494,121500825,121503789,121515116,121517318,121519978,121538591,121551289,121564501,121593708,121596476,	121479670,121483803,121485532,121487424,121488113,121496722,121498605,121500947,121503941,121515319,121517463,121520169,121538715,121551459,121564579,121593967,121596645,	0	FGFR2	cmpl	cmpl	0,2,2,0,0,1,1,2,0,1,0,1,0,1,1,0,-1,
188	NM_001144919	chr10	-	121481852	121598458	121482171	121593817	17	121481852,121483697,121485394,121487353,121487990,121496531,121498494,121500825,121503789,121515116,121518681,121519978,121538591,121551289,121564501,121593708,121597961,	121482177,121483803,121485532,121487424,121488113,121496722,121498605,121500947,121503941,121515319,121518829,121520169,121538715,121551459,121564579,121593967,121598458,	0	FGFR2	cmpl	cmpl	0,2,2,0,0,1,1,2,0,1,0,1,0,1,1,0,-1,
188	NM_001144918	chr10	-	121478329	121598458	121479856	121593817	16	121478329,121483697,121485394,121487353,121487990,121496531,121498494,121500825,121503789,121515122,121517318,121519978,121538591,121551289,121593708,121597961,	121480021,121483803,121485532,121487424,121488113,121496722,121498605,121500947,121503941,121515319,121517463,121520169,121538715,121551459,121593967,121598458,	0	FGFR2	cmpl	cmpl	0,2,2,0,0,1,1,2,0,1,0,1,0,1,0,-1,
188	NM_001320658	chr10	-	121478329	121598458	121479856	121593817	18	121478329,121483697,121485394,121487353,121487990,121496531,121498494,121500825,121503789,121515122,121517318,121519978,121538591,121551289,121564501,121565437,121593708,121597961,	121480021,121483803,121485532,121487424,121488113,121496722,121498605,121500947,121503941,121515319,121517463,121520169,121538715,121551459,121564579,121565704,121593967,121598458,	0	FGFR2	cmpl	cmpl	0,2,2,0,0,1,1,2,0,1,0,1,0,1,1,1,0,-1,
1286	NM_152429	chr10	-	91906587	91909501	91908192	91908969	2	91906587,91909397,	91909047,91909501,	0	FGFBP3	cmpl	cmpl	0,-1,
1361	NM_006119	chr10	-	101770129	101776002	101770328	101775900	5	101770129,101771462,101774731,101775739,101775868,	101770619,101771569,101774912,101775776,101776002,	0	FGF8	cmpl	cmpl	0,1,0,2,0,
1361	NM_033165	chr10	-	101770129	101776002	101770328	101775900	5	101770129,101771462,101774731,101775739,101775868,	101770619,101771569,101774879,101775776,101776002,	0	FGF8	cmpl	cmpl	0,1,0,2,0,
1361	NM_001206389	chr10	-	101770129	101780369	101770328	101774756	5	101770129,101771462,101774731,101775739,101780295,	101770619,101771569,101774879,101775776,101780369,	0	FGF8	cmpl	cmpl	0,1,0,-1,-1,
1361	NM_033164	chr10	-	101770129	101776002	101770328	101775900	6	101770129,101771462,101774731,101775129,101775739,101775868,	101770619,101771569,101774879,101775216,101775776,101776002,	0	FGF8	cmpl	cmpl	0,1,0,0,2,0,
1361	NM_033163	chr10	-	101770129	101776002	101770328	101775900	6	101770129,101771462,101774731,101775129,101775739,101775868,	101770619,101771569,101774912,101775216,101775776,101776002,	0	FGF8	cmpl	cmpl	0,1,0,0,2,0,
1116	NM_005117	chr11	-	69698237	69704338	69699261	69703876	3	69698237,69703260,69703644,	69699576,69703364,69704338,	0	FGF19	cmpl	cmpl	0,1,0,
1117	NM_005247	chr11	-	69809967	69819424	69810304	69818933	3	69809967,69816319,69818713,	69810700,69816423,69819424,	0	FGF3	cmpl	cmpl	0,1,0,
1117	NM_002007	chr11	-	69771015	69775403	69773308	69775084	3	69771015,69774023,69774744,	69773485,69774127,69775403,	0	FGF4	cmpl	cmpl	0,1,0,
618	NM_020996	chr12	-	4434141	4445614	4434214	4445570	3	4434141,4444132,4445224,	4434391,4444236,4445614,	0	FGF6	cmpl	cmpl	0,1,0,
618	NM_020638	chr12	-	4368226	4379728	4370342	4379582	3	4368226,4372593,4379371,	4370783,4372697,4379728,	0	FGF23	cmpl	cmpl	0,1,0,
790	NM_015633	chr12	+	26938371	26966648	26954158	26964733	7	26938371,26954144,26956542,26957600,26960514,26963341,26964595,	26938710,26954293,26956660,26957743,26960628,26963455,26966648,	0	FGFR1OP2	cmpl	cmpl	-1,0,0,1,0,0,0,
790	NM_001171888	chr12	+	26938371	26960746	26954158	26960637	5	26938371,26954144,26956542,26957600,26960514,	26938710,26954293,26956660,26957743,26960746,	0	FGFR1OP2	cmpl	cmpl	-1,0,0,1,0,
790	NM_001171887	chr12	+	26938371	26966648	26954158	26964733	6	26938371,26954144,26956542,26957600,26963341,26964595,	26938710,26954293,26956660,26957743,26963455,26966648,	0	FGFR1OP2	cmpl	cmpl	-1,0,0,1,0,0,
170	NM_175929	chr13	-	101720854	102401774	101722830	102401678	5	101720854,101726611,101868724,101875185,102401470,	101722967,101726810,101868828,101875296,102401774,	0	FGF14	cmpl	cmpl	1,0,1,1,0,
170	NM_001321935	chr13	-	101720854	102317704	101722830	101875237	5	101720854,101726611,101868724,101875185,102317635,	101722967,101726810,101868828,101875296,102317704,	0	FGF14	cmpl	cmpl	1,0,1,0,-1,
170	NM_001321934	chr13	-	101720854	102310686	101722830	101875237	5	101720854,101726611,101868724,101875185,102310470,	101722967,101726810,101868828,101875296,102310686,	0	FGF14	cmpl	cmpl	1,0,1,0,-1,
170	NM_001321933	chr13	-	101720854	102310686	101722830	102220709	6	101720854,101726611,101868724,101875185,102220696,102310470,	101722967,101726810,101868828,101875296,102220933,102310686,	0	FGF14	cmpl	cmpl	1,0,1,1,0,-1,
170	NM_001321932	chr13	-	101720854	102310686	101722830	102193040	6	101720854,101726611,101868724,101875185,102193036,102310470,	101722967,101726810,101868828,101875296,102193363,102310686,	0	FGF14	cmpl	cmpl	1,0,1,1,0,-1,
170	NR_036486	chr13	-	102292319	102394519	102394519	102394519	4	102292319,102366444,102393757,102394353,	102294040,102366613,102393831,102394519,	0	FGF14-IT1	unk	unk	-1,-1,-1,-1,
170	NM_004115	chr13	-	101720854	101916645	101722830	101916645	5	101720854,101726611,101868724,101875185,101916452,	101722967,101726810,101868828,101875296,101916645,	0	FGF14	cmpl	cmpl	1,0,1,1,0,
170	NM_001321947	chr13	-	101720854	102402428	101722830	102401522	6	101720854,101726611,101868724,101875185,102401470,102402135,	101722967,101726810,101868828,101875296,102401535,102402428,	0	FGF14	cmpl	cmpl	1,0,1,1,0,-1,
170	NM_001321946	chr13	-	101720854	102402428	101722830	101875237	7	101720854,101726611,101868724,101875185,102366444,102401470,102402122,	101722967,101726810,101868828,101875296,102366613,102401535,102402428,	0	FGF14	cmpl	cmpl	1,0,1,0,-1,-1,-1,
170	NM_001321948	chr13	-	101720854	102402428	101722830	102401561	6	101720854,101726611,101868724,101875185,102401470,102402126,	101722967,101726810,101868828,101875296,102401598,102402428,	0	FGF14	cmpl	cmpl	1,0,1,1,0,-1,
170	NM_001321949	chr13	-	101720854	102402428	101722830	101875237	6	101720854,101726611,101868724,101875185,102366444,102401470,	101722967,101726810,101868828,101875296,102366613,102402428,	0	FGF14	cmpl	cmpl	1,0,1,0,-1,-1,
170	NM_001321931	chr13	-	101720854	102310686	101722830	101875237	6	101720854,101726611,101868724,101875185,102193122,102310470,	101722967,101726810,101868828,101875296,102193363,102310686,	0	FGF14	cmpl	cmpl	1,0,1,0,-1,-1,
170	NM_001321937	chr13	-	101827721	102402032	101827865	102401678	4	101827721,101868724,101875185,102401470,	101827922,101868828,101875296,102402032,	0	FGF14	cmpl	cmpl	0,1,1,0,
170	NM_001321936	chr13	-	101720854	102317704	101722830	102193040	6	101720854,101726611,101868724,101875185,102193036,102317635,	101722967,101726810,101868828,101875296,102193363,102317704,	0	FGF14	cmpl	cmpl	1,0,1,1,0,-1,
170	NM_001321940	chr13	-	101720854	102402032	101722830	102220709	6	101720854,101726611,101868724,101875185,102220696,102401470,	101722967,101726810,101868828,101875296,102220933,102402032,	0	FGF14	cmpl	cmpl	1,0,1,1,0,-1,
170	NM_001321939	chr13	-	101720854	102402032	101722830	102401678	4	101720854,101726611,101868724,102401470,	101722967,101726810,101868828,102402032,	0	FGF14	cmpl	cmpl	1,0,1,0,
170	NM_001321938	chr13	-	101720854	102402032	101722830	102220709	7	101720854,101726611,101868724,101875185,102220696,102401470,102401953,	101722967,101726810,101868828,101875296,102220933,102401598,102402032,	0	FGF14	cmpl	cmpl	1,0,1,1,0,-1,-1,
170	NM_001321941	chr13	-	101720854	102402034	101722830	102293980	6	101720854,101726611,101868724,101875185,102293973,102401470,	101722967,101726810,101868828,101875296,102294040,102402034,	0	FGF14	cmpl	cmpl	1,0,1,1,0,-1,
170	NM_001321942	chr13	-	101720854	102402034	101722830	101875237	6	101720854,101726611,101868724,101875185,102393757,102401470,	101722967,101726810,101868828,101875296,102393831,102402034,	0	FGF14	cmpl	cmpl	1,0,1,0,-1,-1,
170	NM_001321943	chr13	-	101720854	102402034	101722830	101875237	6	101720854,101726611,101868724,101875185,102205866,102401470,	101722967,101726810,101868828,101875296,102205977,102402034,	0	FGF14	cmpl	cmpl	1,0,1,0,-1,-1,
170	NM_001321944	chr13	-	101720854	102402034	101722830	102193040	6	101720854,101726611,101868724,101875185,102193036,102401470,	101722967,101726810,101868828,101875296,102193363,102402034,	0	FGF14	cmpl	cmpl	1,0,1,1,0,-1,
170	NM_001321945	chr13	-	101720854	102402428	101722830	102401561	6	101720854,101726611,101868724,101875185,102401470,102402122,	101722967,101726810,101868828,101875296,102401598,102402428,	0	FGF14	cmpl	cmpl	1,0,1,1,0,-1,
750	NM_002010	chr13	+	21671075	21704501	21671912	21701435	3	21671075,21681041,21701189,	21672189,21681145,21704501,	0	FGF9	cmpl	cmpl	0,1,0,
1366	NR_036487	chr13	+	102394577	102395705	102395705	102395705	1	102394577,	102395705,	0	FGF14-AS2	unk	unk	-1,
1366	NR_125912	chr13	+	102367529	102373666	102373666	102373666	2	102367529,102373423,	102367641,102373666,	0	FGF14-AS1	unk	unk	-1,-1,
962	NM_002009	chr15	+	49423177	49487326	49424297	49484504	4	49423177,49424031,49483150,49484309,	49423440,49424583,49483254,49487326,	0	FGF7	cmpl	cmpl	-1,0,1,0,
641	NM_001303460	chr17	+	7440741	7444932	7441454	7443146	5	7440741,7441450,7441775,7442593,7443075,	7440816,7441581,7441879,7442792,7444932,	0	FGF11	cmpl	cmpl	-1,0,1,0,1,
641	NR_130156	chr17	+	7438272	7444932	7444932	7444932	5	7438272,7441470,7441775,7442593,7443075,	7438530,7441581,7441879,7442792,7444932,	0	FGF11	unk	unk	-1,-1,-1,-1,-1,
641	NM_004112	chr17	+	7439026	7444932	7439620	7443146	5	7439026,7441470,7441775,7442593,7443075,	7439813,7441581,7441879,7442792,7444932,	0	FGF11	cmpl	cmpl	0,1,1,0,1,
589	NM_020637	chr19	+	639925	643604	639925	643604	3	639925,643234,643409,	640139,643338,643604,	0	FGF22	cmpl	cmpl	0,1,0,
589	NM_001300812	chr19	+	639894	643703	639925	643612	3	639894,643234,643432,	640139,643338,643703,	0	FGF22	cmpl	cmpl	0,1,0,
956	NM_019113	chr19	+	48755558	48758330	48756236	48758220	4	48755558,48755890,48756925,48757929,	48755784,48756471,48757029,48758330,	0	FGF21	cmpl	cmpl	-1,0,1,0,
